0.501544 -0.864485 0.0334438 1.04215 0.864869 0.50197 0.00526826 1.83294 -0.0213421 0.0262822 0.999427 -0.0130087
0.49631 -0.867614 0.0303774 2.23144 0.867966 0.496615 0.00296635 4.12098 -0.0176595 0.0248943 0.999534 -0.00683213
0.492806 -0.869677 0.0283495 3.0242 0.870006 0.493038 0.00141111 5.64612 -0.0152046 0.0239688 0.999597 -0.00272206
0.48929 -0.871724 0.026334 3.8172 0.872028 0.489456 -0.000161167 7.17172 -0.0127488 0.0230428 0.999653 0.00138351
0.485763 -0.873752 0.024332 4.61003 0.87403 0.485869 -0.00174955 8.69695 -0.0102935 0.0221168 0.999702 0.00548236
0.482225 -0.875762 0.0223431 5.40294 0.876012 0.482277 -0.00335446 10.2223 -0.00783787 0.0211905 0.999745 0.00957578
0.478602 -0.877797 0.0203266 6.21235 0.878016 0.478606 -0.00500951 11.7794 -0.00533107 0.0202446 0.999781 0.0137484
0.475569 -0.879562 0.0143053 6.99491 0.879678 0.47552 -0.00681451 13.3049 -0.0008087 0.0158249 0.999874 0.0211022
0.472892 -0.881006 0.0142337 7.81176 0.881117 0.472875 -0.00474481 14.896 -0.00255058 0.0147854 0.999887 0.030698
0.470435 -0.882299 0.0154643 8.65541 0.882423 0.470446 -0.00315182 16.5334 -0.00449428 0.0151288 0.999875 0.0370742
0.468012 -0.88358 0.0158237 9.48621 0.883718 0.467988 -0.00541075 18.1445 -0.00262447 0.016516 0.99986 0.0416625
0.467129 -0.884019 0.0173616 10.3378 0.884154 0.467195 -0.000274738 19.8005 -0.00786838 0.0154787 0.999849 0.0485376
0.468864 -0.883029 0.0206399 11.202 0.883154 0.469053 0.00526151 21.4731 -0.0143273 0.0157613 0.999773 0.0544718
0.471249 -0.881774 0.0199905 12.0866 0.881902 0.471414 0.00423772 23.176 -0.0131605 0.0156326 0.999791 0.0459653
0.473348 -0.880743 0.0152862 12.9592 0.880864 0.47336 -0.00306271 24.8495 -0.00453841 0.0149148 0.999878 0.0407266
0.47371 -0.880411 0.0217918 13.8657 0.880621 0.473821 -0.000107115 26.5712 -0.0102311 0.0192411 0.999763 0.0416336
0.471945 -0.880995 0.0334115 14.7899 0.881513 0.472156 -0.00176188 28.3094 -0.0142232 0.0302842 0.99944 0.035686
0.469456 -0.882404 0.0312076 15.7124 0.882938 0.46938 -0.0101759 30.0734 -0.00566893 0.0323315 0.999461 0.0249965
0.466834 -0.883798 0.0311064 16.6425 0.884322 0.466785 -0.0092602 31.8826 -0.00633586 0.0318311 0.999473 0.0680144
0.464629 -0.884993 0.030127 17.5906 0.885444 0.464729 -0.00401181 33.7467 -0.0104505 0.0285398 0.999538 0.117412
0.46342 -0.885526 0.032937 18.5392 0.885986 0.463711 0.00136097 35.6071 -0.0164784 0.028551 0.999457 0.146522
0.462955 -0.885936 0.0281119 19.4662 0.886188 0.463284 0.00622252 37.4643 -0.0185366 0.0220317 0.999585 0.154135
0.463145 -0.885952 0.0242028 20.3554 0.88617 0.463348 0.00327668 39.2334 -0.0141173 0.0199302 0.999702 0.154854
0.461158 -0.88692 0.0265756 21.2622 0.887187 0.461398 0.003377 41.0155 -0.015257 0.0220202 0.999641 0.165956
0.460137 -0.887539 0.0234333 22.1614 0.887734 0.460341 0.00387063 42.8146 -0.0142226 0.0190215 0.999718 0.177785
0.45923 -0.888104 0.0194825 23.0503 0.888283 0.459296 -0.00123661 44.5933 -0.00784997 0.0178738 0.999809 0.182319
0.458531 -0.88832 0.0252141 23.9159 0.888568 0.458737 0.00272737 46.3046 -0.0139894 0.0211539 0.999678 0.195471
0.45814 -0.888401 0.0291614 24.7914 0.888766 0.45836 0.000956597 48.0353 -0.0142163 0.0254794 0.999574 0.197417
0.456638 -0.889037 0.0330833 25.6775 0.889555 0.456822 -0.00220352 49.7731 -0.0131542 0.0304357 0.99945 0.194998
0.454854 -0.889582 0.0418448 26.5335 0.890276 0.455403 0.0041447 51.4714 -0.0227433 0.0353682 0.999116 0.183763
0.453043 -0.890625 0.0392323 27.3747 0.891203 0.453573 0.00535717 53.1726 -0.022566 0.0325369 0.999216 0.168978
0.451228 -0.891889 0.03045 28.2052 0.89237 0.451266 -0.00600535 54.8241 -0.00838494 0.0298824 0.999518 0.160667
0.449132 -0.893126 0.0246161 29.0148 0.893385 0.449291 0.0010289 56.4754 -0.0119788 0.0215296 0.999696 0.171328
0.446794 -0.894354 0.0225002 29.7787 0.894545 0.446968 0.00311506 58.0285 -0.0128429 0.0187357 0.999742 0.181643
0.443951 -0.895809 0.0208071 30.5258 0.895939 0.444144 0.00553715 59.5602 -0.0142016 0.0161836 0.999768 0.189049
0.441138 -0.897166 0.0221749 31.2561 0.897301 0.441369 0.00668421 61.054 -0.0157842 0.0169489 0.999732 0.193892
0.438603 -0.898415 0.0218584 31.9601 0.898396 0.438947 0.014528 62.5193 -0.0226469 0.0132655 0.999656 0.195469
0.434592 -0.90055 0.0118057 32.9355 0.900525 0.434702 0.00938185 64.5579 -0.0135808 0.00655408 0.999886 0.207272
0.432207 -0.901742 0.00769819 33.8254 0.901731 0.432255 0.00614737 66.4472 -0.00887091 0.00428475 0.999951 0.225918
0.429861 -0.902784 0.0141852 34.6513 0.902884 0.42988 -0.00178049 68.1596 -0.00449055 0.013573 0.999898 0.264437
0.436679 -0.89956 0.0101363 35.4016 0.899617 0.436667 -0.00348977 69.738 -0.00128694 0.0106427 0.999943 0.303044
0.452154 -0.891609 0.0243031 36.1497 0.891845 0.452335 0.00226452 71.1926 -0.0130122 0.0206507 0.999702 0.338227
0.489774 -0.871752 0.0130602 36.8466 0.871736 0.489897 0.00877715 72.5265 -0.0140496 0.00708623 0.999876 0.358082
0.58082 -0.813751 0.0214014 37.8775 0.81375 0.58111 0.0110481 74.0577 -0.021427 0.0109984 0.99971 0.370105
0.710392 -0.703498 0.0208086 39.0498 0.703373 0.710682 0.0140418 75.3098 -0.0246667 0.00466103 0.999685 0.368099
0.854406 -0.519334 0.0168175 40.388 0.519205 0.85457 0.0116404 76.181 -0.020417 -0.00121386 0.999791 0.350494
0.958611 -0.283861 0.0220801 41.861 0.283683 0.958857 0.0108738 76.6336 -0.0242583 -0.00416001 0.999697 0.33442
0.999726 0.000699949 0.0233924 43.7276 -0.000900865 0.999963 0.00857951 76.6658 -0.0233855 -0.00859823 0.99969 0.298781
0.98387 0.177316 0.0236245 45.2233 -0.176964 0.984083 -0.0162678 76.3403 -0.026133 0.0118247 0.999589 0.262843
0.955515 0.294455 0.0169702 46.7274 -0.294583 0.95561 0.00549767 75.904 -0.0145981 -0.0102522 0.999841 0.258405
0.927969 0.37263 -0.00457254 48.3171 -0.372636 0.927978 -0.000453426 75.2271 0.00407425 0.00212466 0.999989 0.210822
0.90594 0.423367 0.00577645 50.0408 -0.423326 0.905949 -0.00711227 74.3889 -0.00824427 0.00399796 0.999958 0.22217
0.894941 0.446182 0.00121058 51.4427 -0.446134 0.894878 -0.0125573 73.6358 -0.00668618 0.010698 0.99992 0.215345
0.887265 0.461253 -0.00249977 52.979 -0.461235 0.88715 -0.0150448 72.7957 -0.00472178 0.0145017 0.999884 0.197275
0.882472 0.470352 -0.0035266 54.6418 -0.470327 0.882283 -0.0192181 71.8464 -0.00592782 0.0186181 0.999809 0.180154
0.882598 0.470059 -0.00803764 56.4292 -0.470084 0.882156 -0.0286667 70.8075 -0.00638456 0.0290795 0.999557 0.158426
0.88759 0.460545 -0.00904105 58.396 -0.460572 0.886979 -0.0337764 69.7087 -0.00753635 0.0341437 0.999389 0.142969
0.891152 0.45368 -0.00465069 59.7483 -0.453572 0.8906 -0.0332325 68.9905 -0.010935 0.0317246 0.999437 0.136765
0.894754 0.446551 -0.0026992 61.1692 -0.44642 0.894306 -0.0304281 68.2554 -0.0111738 0.0284306 0.999533 0.127678
0.896898 0.442176 -0.00738535 62.6285 -0.442233 0.896685 -0.0196187 67.5214 -0.00205258 0.020862 0.99978 0.125762
0.896773 0.442424 -0.00767849 64.107 -0.44249 0.896668 -0.0137715 66.7729 0.000792208 0.0157476 0.999876 0.132879
0.896665 0.442693 -0.00372975 65.5383 -0.442701 0.896569 -0.013429 66.0443 -0.00260096 0.0136925 0.999903 0.152494
0.8966 0.442841 -0.00080292 66.9951 -0.442823 0.896545 -0.0106796 65.2963 -0.0040095 0.00993087 0.999943 0.17458
0.89609 0.443873 0.000126994 68.4657 -0.443867 0.89608 -0.00486674 64.5476 -0.00227401 0.00430467 0.999988 0.191947
0.893168 0.449705 0.00407367 69.8966 -0.449707 0.893176 -0.000547695 63.8139 -0.00388481 -0.00134277 0.999992 0.209897
0.888063 0.459598 0.0106591 71.3377 -0.459634 0.888108 0.00111528 63.0552 -0.00895388 -0.00588974 0.999943 0.229399
0.880515 0.473894 0.0108817 72.7515 -0.473948 0.880548 0.00286887 62.2753 -0.0082223 -0.00768343 0.999937 0.241935
0.870555 0.491961 0.0104441 74.1517 -0.492003 0.870592 0.00172181 61.4586 -0.00824549 -0.00663745 0.999944 0.25278
0.859634 0.510755 0.0125957 75.4902 -0.510804 0.859697 0.000765643 60.6423 -0.0104374 -0.0070921 0.99992 0.261651
0.848051 0.529776 0.0121735 76.8108 -0.529824 0.848107 0.000893756 59.7939 -0.00985092 -0.00720775 0.999926 0.26764
0.831328 0.555699 0.00961705 78.7219 -0.555737 0.831356 0.00175504 58.4944 -0.00701992 -0.00680357 0.999952 0.276595
0.81544 0.578779 0.00848566 80.5384 -0.578801 0.815469 8.59485e-05 57.1735 -0.00687004 -0.00498159 0.999964 0.291032
0.805238 0.59289 0.00858911 82.2934 -0.592827 0.805281 -0.00888335 55.8282 -0.0121835 0.00206136 0.999924 0.30716
0.801784 0.597549 0.00881452 83.931 -0.597441 0.80182 -0.0122177 54.56 -0.0143683 0.00452982 0.999887 0.311591
0.806708 0.590929 0.00491984 85.4557 -0.590842 0.806693 -0.0123294 53.3871 -0.0112546 0.00703938 0.999912 0.315324
0.825028 0.56507 0.00485309 86.8788 -0.565005 0.825022 -0.0103929 52.365 -0.00987664 0.00583244 0.999934 0.326704
0.857912 0.513797 0.000217629 88.2428 -0.513793 0.857906 -0.00379571 51.5188 -0.00213693 0.00314457 0.999993 0.347468
0.903712 0.428139 0.00132654 89.6382 -0.428136 0.903712 -0.0019635 50.8105 -0.00203946 0.0012065 0.999997 0.368765
0.952847 0.303121 0.0141607 91.0904 -0.303137 0.952946 -0.00103331 50.3004 -0.0138076 -0.00330802 0.999899 0.394015
0.990185 0.138993 0.0146306 92.5488 -0.138988 0.990293 -0.00133001 50.0454 -0.0146735 -0.000716521 0.999892 0.409966
0.991856 -0.127314 -0.00352998 94.421 0.127304 0.991859 -0.00292387 50.1622 0.00387349 0.00245068 0.999989 0.423913
0.921293 -0.388833 0.0053639 96.1774 0.388856 0.921288 -0.0044368 50.7903 -0.00321652 0.00617338 0.999976 0.458104
0.806082 -0.591503 0.0188458 97.7196 0.591439 0.806295 0.00942446 51.8675 -0.0207698 0.00354922 0.999778 0.483704
0.717276 -0.696661 0.0133779 99.1198 0.696527 0.717401 0.0136685 53.2242 -0.0191196 -0.000486014 0.999817 0.454629
0.689197 -0.724519 0.00892818 100.162 0.724325 0.689231 0.0177148 54.329 -0.0189883 -0.00574206 0.999803 0.432533
0.681774 -0.731536 -0.00625765 101.244 0.731467 0.681522 0.0219774 55.5159 -0.0118125 -0.0195609 0.999739 0.424273
0.689663 -0.724031 -0.0120127 102.437 0.724123 0.689636 0.0069489 56.7537 0.00325317 -0.0134911 0.999904 0.415196
0.700461 -0.713604 -0.0111055 103.699 0.713665 0.70022 0.0193386 58.0663 -0.00602377 -0.0214716 0.999751 0.427669
0.707886 -0.706317 0.00377432 105.072 0.706097 0.707781 0.0217507 59.4187 -0.0180343 -0.012732 0.999756 0.427699
0.707777 -0.706431 -0.00273709 106.497 0.706434 0.707762 0.00485229 60.8199 -0.0014906 -0.00536791 0.999984 0.415845
0.703044 -0.711144 0.00189986 108.005 0.711102 0.703028 0.00924436 62.3325 -0.00790972 -0.0051482 0.999955 0.418507
0.699768 -0.714363 0.00313067 109.051 0.714222 0.699706 0.0172839 63.4036 -0.0145376 -0.00985876 0.999846 0.424175
0.695718 -0.718275 -0.00758333 110.111 0.718302 0.695605 0.0132842 64.5063 -0.00426672 -0.0146892 0.999883 0.415639
0.690097 -0.723688 -0.00650102 111.173 0.723713 0.690033 0.00972389 65.6062 -0.00255115 -0.0114153 0.999932 0.416215
0.686041 -0.727563 5.27102e-05 112.286 0.727531 0.686011 0.00937401 66.7671 -0.00685634 -0.0063926 0.999956 0.426227
0.684358 -0.729097 0.00849164 113.447 0.729066 0.684409 0.00692268 67.9866 -0.0108591 0.00145337 0.99994 0.425038
0.684245 -0.729239 0.004335 114.578 0.729178 0.684248 0.0102493 69.2004 -0.0104404 -0.00385204 0.999938 0.426184
0.685245 -0.728265 -0.00833412 115.726 0.72829 0.685088 0.0157777 70.445 -0.00578074 -0.0168812 0.999841 0.424518
0.68949 -0.724156 -0.0141969 116.895 0.724238 0.689054 0.026152 71.7084 -0.00915571 -0.0283134 0.999557 0.43275
0.692842 -0.720901 -0.0164687 118.102 0.72107 0.692475 0.0231526 72.9724 -0.00528653 -0.0279162 0.999596 0.433847
0.69384 -0.720106 -0.00582412 119.309 0.720103 0.693723 0.014104 74.2117 -0.00611601 -0.0139799 0.999884 0.420689
0.695651 -0.718355 -0.00595577 120.516 0.718336 0.695494 0.016784 75.4736 -0.00791468 -0.0159541 0.999841 0.417248
0.697005 -0.717057 -0.00366978 121.727 0.716809 0.69661 0.0303208 76.7441 -0.0191853 -0.0237643 0.999533 0.414902
0.698283 -0.715733 -0.0113091 122.936 0.715822 0.698208 0.0102402 77.9479 0.00056685 -0.0152459 0.999884 0.429517
0.697376 -0.716638 -0.00981772 124.12 0.716685 0.697395 0.00194335 79.1174 0.00545415 -0.00839146 0.99995 0.451105
0.695195 -0.718606 0.0175905 125.339 0.718019 0.695368 0.0302112 80.3487 -0.0339418 -0.00837238 0.999389 0.478523
0.694188 -0.719793 -0.000893487 126.51 0.71967 0.694046 0.0193611 81.5354 -0.0133159 -0.0140833 0.999812 0.45183
0.692041 -0.721846 -0.00430032 127.697 0.721853 0.692001 0.00789211 82.7179 -0.00272106 -0.00856586 0.99996 0.435948
0.687583 -0.726101 -0.00281762 128.82 0.726092 0.687539 0.00895109 83.8869 -0.00456217 -0.00820046 0.999956 0.425447
0.681703 -0.731593 -0.00725303 129.941 0.731622 0.681619 0.011148 85.0785 -0.00321197 -0.0129061 0.999912 0.40649
0.67864 -0.73435 -0.0133393 131.066 0.734461 0.678424 0.0175471 86.2929 -0.00383597 -0.0217054 0.999757 0.398518
0.676603 -0.736303 -0.00818632 132.199 0.736292 0.676373 0.0198399 87.4987 -0.00907118 -0.0194513 0.99977 0.396648
0.671479 -0.740991 -0.00698661 133.273 0.741019 0.671412 0.00985901 88.6516 -0.00261454 -0.0117973 0.999927 0.388457
0.661556 -0.749892 -0.00248608 134.361 0.74988 0.661517 0.00868244 89.8665 -0.00486631 -0.00760818 0.999959 0.390647
0.653411 -0.756911 0.0118068 135.443 0.756662 0.653505 0.019833 91.1209 -0.0227276 -0.00402538 0.999734 0.389837
0.647029 -0.762458 0.00331522 136.454 0.762155 0.646884 0.0257152 92.3486 -0.0217514 -0.0141118 0.999664 0.372679
0.636788 -0.771031 -0.00365603 137.479 0.771024 0.636737 0.00939882 93.5795 -0.00491885 -0.00880394 0.999949 0.348003
0.625537 -0.780174 -0.00566737 138.505 0.780143 0.625396 0.0160436 94.8652 -0.00897244 -0.0144572 0.999855 0.348593
0.611387 -0.791167 -0.0161467 139.512 0.791329 0.611198 0.0153572 96.1727 -0.00228132 -0.0221665 0.999752 0.343602
0.598301 -0.801115 -0.0158088 140.486 0.801271 0.598161 0.0130043 97.4566 -0.000961747 -0.0204477 0.99979 0.332806
0.585459 -0.810574 -0.0143841 141.444 0.810587 0.584986 0.0271954 98.8107 -0.0136294 -0.0275813 0.999527 0.327659
0.573977 -0.818796 -0.0111461 142.395 0.818648 0.573448 0.0312 100.172 -0.0191547 -0.0270328 0.999451 0.318362
0.566607 -0.823786 -0.0182415 143.33 0.823906 0.566098 0.026704 101.547 -0.0116719 -0.03016 0.999477 0.309605
0.561522 -0.826938 -0.0294335 144.207 0.827457 0.561046 0.0232704 102.892 -0.0027296 -0.0374218 0.999296 0.294599
0.55712 -0.830057 -0.0249427 145.123 0.830239 0.556092 0.0382733 104.295 -0.0178986 -0.0420312 0.998956 0.277707
0.550364 -0.834661 -0.0209866 146.038 0.834575 0.549233 0.0427565 105.699 -0.0241606 -0.0410465 0.998865 0.256508
0.540095 -0.841455 -0.0158401 146.948 0.841564 0.53979 0.0199084 107.08 -0.00820165 -0.0240829 0.999676 0.21992
0.528255 -0.848963 -0.0144644 147.799 0.848954 0.527795 0.0266323 108.465 -0.0149756 -0.0263483 0.999541 0.196687
0.516974 -0.856001 -0.000307703 148.679 0.855717 0.516793 0.0259593 109.89 -0.0220622 -0.0136836 0.999663 0.169403
0.50642 -0.862277 0.00424085 149.548 0.862111 0.50641 0.0177241 111.351 -0.0174307 -0.00531976 0.999834 0.144322
0.494549 -0.869065 0.0121541 150.386 0.86915 0.494495 -0.00733257 112.763 0.000362332 0.0141901 0.999899 0.118887
0.484198 -0.874875 0.0120987 151.202 0.874721 0.484343 0.016573 114.268 -0.0203592 0.00255834 0.999789 0.107401
0.476316 -0.879213 0.0103518 151.999 0.87884 0.476418 0.0258147 115.773 -0.0276284 -0.00319834 0.999613 0.0883942
0.472456 -0.881294 -0.0103183 152.776 0.881327 0.472317 0.0133517 117.28 -0.00689322 -0.0154019 0.999858 0.0590024
0.468237 -0.883592 -0.00442806 153.588 0.883574 0.468175 0.0104599 118.803 -0.00716919 -0.00881025 0.999935 0.0493943
0.468145 -0.883651 0.00103068 154.367 0.883369 0.468025 0.0247344 120.299 -0.022339 -0.0106688 0.999694 0.0455009
0.464982 -0.885319 -0.00158739 155.158 0.885216 0.464899 0.0161545 121.81 -0.0135639 -0.00891674 0.999868 0.0392423
0.461197 -0.887248 0.00941065 155.979 0.887291 0.461126 -0.0088566 123.318 0.00351851 0.0124346 0.999916 0.0347947
0.45892 -0.88842 0.0100996 156.753 0.888417 0.458992 0.0064946 124.834 -0.0104056 0.00599216 0.999928 0.0498495
0.45652 -0.889649 0.0107018 157.525 0.889627 0.45661 0.00839398 126.34 -0.0123542 0.00568856 0.999908 0.0537014
0.456335 -0.889808 0.000500291 158.285 0.889798 0.456333 0.00444404 127.84 -0.00418264 -0.00158281 0.99999 0.0495396
0.455112 -0.890432 -0.00199441 159.053 0.89036 0.455044 0.0139786 129.362 -0.0115395 -0.00813759 0.9999 0.0569471
0.454343 -0.890801 -0.00681375 159.787 0.890712 0.454148 0.0195141 130.833 -0.0142887 -0.0149352 0.999786 0.05288
0.452993 -0.891447 -0.0109975 160.52 0.891492 0.45286 0.012609 132.302 -0.00625988 -0.015516 0.99986 0.0465155
0.454407 -0.890701 -0.0128984 161.204 0.890783 0.454281 0.0116399 133.667 -0.00450817 -0.0167789 0.999849 0.0337848
0.459778 -0.887931 -0.013502 161.848 0.888028 0.459667 0.0106143 134.927 -0.00321833 -0.0168704 0.999853 0.0211505
0.465131 -0.885129 -0.0141184 162.492 0.88524 0.465036 0.00959657 136.187 -0.00192865 -0.0169618 0.999854 0.00851619
0.473128 -0.880865 -0.015067 163.458 0.880994 0.473059 0.00808447 138.077 6.27268e-06 -0.0170989 0.999854 -0.0104423
0.481086 -0.876527 -0.0160441 164.424 0.876672 0.481044 0.00659044 139.968 0.00194124 -0.017236 0.99985 -0.029405
0.489 -0.872117 -0.0170492 165.39 0.872275 0.488988 0.00511523 141.857 0.00387579 -0.017373 0.999842 -0.0483674
0.500393 -0.865626 -0.01728 166.355 0.865786 0.500393 0.00463187 143.701 0.00463731 -0.0172785 0.99984 -0.0618335
0.515457 -0.856904 0.00436301 167.35 0.856866 0.515475 0.00817785 145.352 -0.00925666 -0.000476821 0.999957 -0.0448833
0.519519 -0.854455 0.00267632 168.336 0.85437 0.519508 0.0127767 146.99 -0.0123075 -0.00435119 0.999915 -0.0506722
0.518661 -0.854967 -0.00474923 169.325 0.85486 0.518487 0.0196465 148.682 -0.0143347 -0.0142498 0.999796 -0.0683499
0.513394 -0.858026 -0.0147766 170.319 0.858106 0.513471 -0.00165826 150.376 0.0090102 -0.0118286 0.999889 -0.0846559
0.502771 -0.864412 -0.00350141 171.332 0.864138 0.5025 0.0275499 152.162 -0.022055 -0.016877 0.999614 -0.082098
0.494369 -0.869247 0.00285946 172.342 0.868841 0.494234 0.0291232 153.943 -0.0267285 -0.0119132 0.999572 -0.108229
0.487862 -0.872833 0.0123923 173.404 0.872787 0.487987 0.0105817 155.662 -0.0152833 0.00565338 0.999867 -0.0957371
0.484846 -0.874227 0.0255255 174.095 0.874284 0.485249 0.0127091 156.806 -0.0234969 0.0161546 0.999593 -0.079564
0.482197 -0.87536 0.0350832 175.137 0.875955 0.48238 -0.00363236 158.562 -0.0137438 0.0324828 0.999378 -0.0559792
0.479507 -0.876413 0.0444146 176.165 0.877215 0.48009 0.00283611 160.349 -0.0238086 0.0376012 0.999009 -0.0419101
0.479771 -0.876469 0.040282 177.173 0.877378 0.479536 -0.0159286 162.129 -0.00535576 0.0429846 0.999061 -0.0450562
0.479833 -0.876513 0.0385434 178.129 0.877337 0.479675 -0.0138588 163.853 -0.00634093 0.0404655 0.999161 -0.0269567
0.477893 -0.877102 0.0480614 179.047 0.878118 0.478445 -3.68076e-05 165.493 -0.0229624 0.0422211 0.998844 -0.0118831
0.46473 -0.883431 0.0598034 179.883 0.885159 0.465254 -0.00569273 166.986 -0.0227947 0.0555811 0.998194 -0.0299424
0.4271 -0.902252 0.0593884 180.584 0.904143 0.426917 -0.0163758 168.384 -0.0105788 0.0606897 0.998101 -0.0590967
0.358777 -0.931194 0.0644746 181.164 0.933334 0.358842 -0.0109705 169.792 -0.0129205 0.0641122 0.997859 -0.0818311
0.21335 -0.975517 0.0533806 181.648 0.976967 0.212793 -0.015968 171.659 0.00421806 0.0555578 0.998447 -0.0910479
0.0120263 -0.999881 0.00964683 181.68 0.999846 0.0119013 -0.0129114 173.484 0.012795 0.00980062 0.99987 -0.0714475
-0.214881 -0.976435 -0.0200138 181.326 0.976609 -0.214994 0.00365503 175.17 -0.00787173 -0.0187602 0.999793 -0.067196
-0.426563 -0.903391 -0.0439154 180.619 0.903765 -0.427634 0.0183889 176.699 -0.035392 -0.0318452 0.998866 -0.0945057
-0.6206 -0.783855 -0.0206827 179.669 0.783807 -0.620884 0.0121992 178.009 -0.022404 -0.00864044 0.999712 -0.168336
-0.762786 -0.646318 -0.0207519 178.302 0.646342 -0.763021 0.00645123 179.221 -0.0200037 -0.00849192 0.999764 -0.224809
-0.840604 -0.541393 -0.0167251 176.652 0.541494 -0.840702 -0.00190978 180.31 -0.0130269 -0.0106619 0.999858 -0.279873
-0.87006 -0.492638 -0.0174538 175.242 0.492854 -0.870037 -0.0114112 181.095 -0.00956392 -0.0185306 0.999783 -0.309382
-0.880458 -0.473879 -0.0152712 173.684 0.474091 -0.880324 -0.0163664 181.921 -0.00568791 -0.0216498 0.999749 -0.33913
-0.88195 -0.471073 -0.0159983 172.009 0.471292 -0.881849 -0.0150462 182.809 -0.00702026 -0.0208098 0.999759 -0.364465
-0.8818 -0.47152 -0.00994686 170.18 0.471618 -0.881705 -0.0131813 183.72 -0.00255495 -0.0163144 0.999864 -0.412896
-0.881922 -0.471334 -0.00768658 168.842 0.471396 -0.88181 -0.0140566 184.333 -0.000152734 -0.0160203 0.999872 -0.46272
-0.88143 -0.472251 -0.00775246 167.463 0.472314 -0.881334 -0.0130666 184.992 -0.00066179 -0.0151789 0.999885 -0.497586
-0.880554 -0.473916 -0.00541918 166.021 0.473946 -0.880515 -0.00825692 185.72 -0.000858586 -0.00983906 0.999951 -0.505256
-0.879878 -0.475159 -0.0062935 164.522 0.475191 -0.879866 -0.00539402 186.488 -0.00297442 -0.00773669 0.999966 -0.510499
-0.879411 -0.475894 -0.0127246 162.964 0.475915 -0.87949 0.00151846 187.3 -0.0119138 -0.0047205 0.999918 -0.516692
-0.879807 -0.475199 -0.0112393 161.446 0.475217 -0.879868 0.00121724 188.089 -0.0104675 -0.00427017 0.999936 -0.529883
-0.881609 -0.471959 -0.00454886 159.909 0.471957 -0.88162 0.00146888 188.891 -0.00470362 -0.00085189 0.999989 -0.540972
-0.884415 -0.466549 -0.0119278 158.347 0.466452 -0.884489 0.0100465 189.702 -0.0152372 0.00332157 0.999878 -0.546693
-0.886922 -0.461718 -0.0136578 156.782 0.461515 -0.886995 0.0156261 190.534 -0.0193292 0.00755588 0.999785 -0.579782
-0.888845 -0.458089 -0.010428 155.274 0.457964 -0.888885 0.0123506 191.35 -0.014927 0.00620209 0.999869 -0.624112
-0.890377 -0.455143 -0.00858529 153.73 0.455057 -0.890403 0.0102597 192.161 -0.012314 0.00522822 0.999911 -0.665113
-0.891167 -0.45358 -0.00930057 152.151 0.453591 -0.89121 0.00104527 192.973 -0.00876287 -0.00328714 0.999956 -0.704628
-0.891044 -0.45386 -0.00722296 150.568 0.453897 -0.891042 -0.00464415 193.786 -0.00432817 -0.00741662 0.999963 -0.719479
-0.889352 -0.457154 -0.00794224 149.061 0.457195 -0.889356 -0.00435935 194.579 -0.00507058 -0.00750815 0.999959 -0.711999
-0.887439 -0.46086 -0.0078091 147.544 0.460877 -0.887464 -0.000518072 195.399 -0.00669154 -0.00405879 0.999969 -0.718384
-0.885842 -0.463965 -0.00464945 146.027 0.463905 -0.885828 0.0101006 196.227 -0.00880492 0.00679061 0.999938 -0.727474
-0.884075 -0.467332 -0.00341178 144.52 0.467296 -0.884065 0.00798962 197.027 -0.00675004 0.00546911 0.999962 -0.725742
-0.883845 -0.467768 -0.00325775 143.085 0.467671 -0.883769 0.0153945 197.813 -0.0100801 0.0120828 0.999876 -0.715867
-0.884706 -0.466024 -0.0108151 141.616 0.465844 -0.884728 0.0156755 198.589 -0.0168736 0.00883007 0.999819 -0.698731
-0.887193 -0.461325 -0.00823092 140.151 0.461224 -0.887207 0.0117018 199.359 -0.0127009 0.00658545 0.999898 -0.682201
-0.890862 -0.454252 -0.00450388 138.731 0.454212 -0.89086 0.00774769 200.091 -0.00753173 0.00485641 0.99996 -0.664833
-0.8953 -0.445423 -0.00611132 137.285 0.445403 -0.89532 0.00433197 200.815 -0.00740115 0.00115641 0.999972 -0.657575
-0.899213 -0.437341 -0.0122289 135.839 0.437349 -0.89929 0.00214824 201.514 -0.0119368 -0.00341655 0.999923 -0.645916
-0.903128 -0.428974 -0.0184942 133.707 0.429183 -0.903171 -0.00919366 202.493 -0.0127596 -0.0162404 0.999787 -0.625306
-0.904071 -0.426798 -0.022342 132.301 0.427196 -0.903985 -0.0177514 203.131 -0.0126205 -0.025593 0.999593 -0.612387
-0.9043 -0.426043 -0.0269985 130.311 0.426669 -0.904075 -0.024557 204.042 -0.0139463 -0.0337264 0.999334 -0.573656
-0.902485 -0.429608 -0.0309382 128.45 0.430424 -0.902201 -0.0277233 204.907 -0.0160024 -0.0383364 0.999137 -0.549938
-0.898741 -0.437384 -0.0309931 126.711 0.438245 -0.898329 -0.0307741 205.74 -0.0143819 -0.0412405 0.999046 -0.530067
-0.894803 -0.445567 -0.028245 125.099 0.446273 -0.894473 -0.0275622 206.537 -0.0129836 -0.0372677 0.999221 -0.523452
-0.889188 -0.456563 -0.0299127 123.624 0.45733 -0.888863 -0.0277907 207.278 -0.0139 -0.0383912 0.999166 -0.514131
-0.883173 -0.468118 -0.0295145 122.303 0.468803 -0.882995 -0.0233363 207.977 -0.015137 -0.0344465 0.999292 -0.498785
-0.873857 -0.485031 -0.0334583 120.753 0.485793 -0.873843 -0.0201033 208.827 -0.0194866 -0.0338212 0.999238 -0.486754
-0.859726 -0.509994 -0.027873 119.199 0.510492 -0.859755 -0.014841 209.762 -0.0163951 -0.0269882 0.999501 -0.476469
-0.846899 -0.531495 -0.016605 117.876 0.531715 -0.846804 -0.0142674 210.614 -0.00647816 -0.0209122 0.99976 -0.448485
-0.822464 -0.568809 0.00309017 116.5 0.568543 -0.822223 -0.0266038 211.609 0.0176733 -0.0201237 0.999641 -0.411572
-0.726085 -0.687596 -0.00348354 115.2 0.687539 -0.725936 -0.0175461 212.769 0.00953579 -0.015135 0.99984 -0.399411
-0.570877 -0.820977 -0.00983446 114.276 0.821008 -0.570915 0.00138298 214.033 -0.00675003 -0.00728466 0.999951 -0.388829
-0.325605 -0.945488 -0.00585088 113.625 0.945455 -0.325645 0.00840424 215.662 -0.00985142 -0.00279528 0.999948 -0.391342
-0.0726483 -0.997345 -0.0050625 113.45 0.997357 -0.0726527 0.000686331 217.244 -0.00105231 -0.00499926 0.999987 -0.419402
0.163567 -0.98648 0.0101652 113.718 0.98652 0.163608 0.00338041 219.071 -0.00499781 0.00947521 0.999943 -0.417744
0.30254 -0.953092 0.00923734 114.181 0.953136 0.302536 -0.00195246 220.56 -0.000933754 0.00939514 0.999955 -0.423436
0.395411 -0.918399 0.0139099 114.875 0.918486 0.395453 0.000327405 222.159 -0.00580139 0.0126465 0.999903 -0.418296
0.443471 -0.896068 0.0199065 115.745 0.896252 0.443544 -0.000815492 223.88 -0.00809869 0.0182029 0.999802 -0.424853
0.465768 -0.884679 0.0200936 116.711 0.884888 0.465786 -0.00403513 225.682 -0.00578955 0.01966 0.99979 -0.437259
0.473653 -0.880447 0.021576 117.764 0.880686 0.473682 -0.00407825 227.596 -0.00662948 0.0209334 0.999759 -0.444621
0.47506 -0.879625 0.0240515 118.493 0.879879 0.475197 8.22386e-06 228.927 -0.0114365 0.0211586 0.999711 -0.455773
0.473376 -0.880504 0.0250484 119.264 0.88079 0.473507 -0.000791082 230.328 -0.0111641 0.0224369 0.999686 -0.478394
0.47075 -0.882034 0.0202702 120.07 0.882265 0.470668 -0.00892138 231.797 -0.00167157 0.0220834 0.999755 -0.508726
0.470471 -0.882298 0.0143825 120.895 0.882411 0.470353 -0.0109087 233.322 0.00285991 0.0178235 0.999837 -0.525007
0.470737 -0.881986 0.0225241 121.726 0.882169 0.470922 0.00342346 234.848 -0.0136265 0.0182585 0.99974 -0.533554
0.470316 -0.882005 0.0294877 122.599 0.882317 0.470634 0.00452631 236.444 -0.0178701 0.0238887 0.999555 -0.554952
0.468541 -0.883023 0.0272033 123.5 0.883437 0.468416 -0.0111763 238.087 -0.00287355 0.029269 0.999567 -0.588115
0.466989 -0.883927 0.0244012 124.392 0.884259 0.466721 -0.0160718 239.742 0.00281776 0.0290823 0.999573 -0.595776
0.46603 -0.884425 0.0246693 125.315 0.884756 0.46599 -0.0077315 241.477 -0.00465771 0.0254294 0.999666 -0.593086
0.466735 -0.883904 0.0295383 126.277 0.884243 0.467017 0.00306228 243.252 -0.0165017 0.0246898 0.999559 -0.60023
0.467494 -0.883496 0.0297442 127.262 0.883935 0.467592 -0.00398172 245.044 -0.0103903 0.0281534 0.99955 -0.620729
0.467016 -0.883766 0.0292284 128.231 0.884236 0.466933 -0.0100367 246.818 -0.00477764 0.0305321 0.999522 -0.630568
0.465229 -0.884608 0.0320999 129.229 0.885156 0.465223 -0.00811631 248.65 -0.00775387 0.0321894 0.999452 -0.637089
0.461966 -0.886231 0.0343799 130.236 0.886835 0.462046 -0.00604487 250.517 -0.010528 0.0332818 0.999391 -0.644803
0.459255 -0.887759 0.0311432 131.245 0.888304 0.458942 -0.0169625 252.392 0.000765708 0.0354547 0.999371 -0.652718
0.456876 -0.889041 0.0295089 132.222 0.88953 0.456614 -0.0154654 254.228 0.000275209 0.0333148 0.999445 -0.638821
0.454322 -0.890306 0.0307743 133.22 0.890799 0.454351 -0.00644135 256.112 -0.00824756 0.0303401 0.999506 -0.631421
0.452487 -0.891284 0.0294638 134.219 0.891677 0.452673 -0.00040941 258.01 -0.0129726 0.0264574 0.999566 -0.634904
0.452814 -0.891132 0.0290409 135.187 0.891547 0.452916 -0.00334823 259.841 -0.0101694 0.0274074 0.999573 -0.647165
0.452936 -0.891158 0.0262045 136.157 0.891538 0.452836 -0.00994415 261.68 -0.00300456 0.0278664 0.999607 -0.650774
0.453283 -0.891011 0.025186 137.125 0.891362 0.453186 -0.00979717 263.517 -0.00268456 0.0268908 0.999635 -0.642647
0.454114 -0.890629 0.0236749 138.088 0.890911 0.454163 -0.00353941 265.371 -0.00759999 0.0226996 0.999713 -0.627365
0.454823 -0.890288 0.0228726 139.018 0.890505 0.454971 0.00144271 267.17 -0.0116908 0.019712 0.999737 -0.626835
0.455852 -0.889799 0.0213942 139.963 0.889881 0.456106 0.00882885 269.001 -0.0176139 0.0150136 0.999732 -0.64503
0.456771 -0.889501 0.012191 140.905 0.889552 0.456829 0.00234668 270.822 -0.00765657 0.0097726 0.999923 -0.668239
0.45788 -0.888998 0.00534374 141.856 0.889001 0.457898 0.00255308 272.663 -0.00471657 0.00358158 0.999982 -0.674944
0.458256 -0.888817 0.00244462 142.784 0.888811 0.458262 0.0033272 274.448 -0.00407755 0.000648096 0.999991 -0.677147
0.457756 -0.889065 0.00470899 143.747 0.88904 0.457779 0.00685082 276.27 -0.0082465 0.00105047 0.999965 -0.676599
0.457465 -0.889216 0.0044962 144.729 0.889184 0.457487 0.00763363 278.107 -0.0088449 0.000505832 0.999961 -0.684824
0.458975 -0.888436 0.00473272 145.724 0.888404 0.458999 0.00758796 279.968 -0.00891373 0.00072188 0.99996 -0.694131
0.45998 -0.887917 0.00466697 146.695 0.887891 0.460003 0.006882 281.786 -0.00825746 0.000978175 0.999965 -0.698787
0.461084 -0.887339 0.00557615 147.688 0.887311 0.461115 0.0072608 283.658 -0.00901403 0.00159994 0.999958 -0.70095
0.461522 -0.887129 7.35706e-05 148.695 0.887129 0.461522 0.000193293 285.57 -0.00020543 -2.39423e-05 1 -0.701577
0.461579 -0.887082 0.00549766 149.715 0.887056 0.461609 0.00700639 287.516 -0.00875301 0.00164273 0.99996 -0.685284
0.462335 -0.886671 0.00781616 150.694 0.886604 0.462397 0.011076 289.395 -0.0134349 0.00180903 0.999908 -0.675865
0.462819 -0.886395 0.0101102 151.694 0.886307 0.46292 0.012868 291.311 -0.0160864 0.00300523 0.999866 -0.673197
0.462551 -0.886518 0.0115234 152.705 0.886521 0.46264 0.00671996 293.233 -0.0112885 0.0071074 0.999911 -0.672359
0.462001 -0.886765 0.014241 153.689 0.886812 0.462105 0.00492688 295.103 -0.0109498 0.0103528 0.999886 -0.667953
0.461697 -0.88677 0.0217708 154.677 0.886871 0.461947 0.00804731 297.007 -0.0171931 0.0155925 0.999731 -0.664919
0.461234 -0.886891 0.0262392 155.653 0.887125 0.461502 0.00495473 298.904 -0.0165037 0.0209921 0.999643 -0.665423
0.460934 -0.886999 0.0277911 156.638 0.887375 0.461039 -0.0029094 300.796 -0.0102321 0.0260021 0.99961 -0.668837
0.459564 -0.887571 0.0319156 157.577 0.888038 0.459769 -0.00103512 302.603 -0.0137551 0.0288179 0.99949 -0.656567
0.457608 -0.88835 0.0378115 158.513 0.888947 0.458006 0.00211454 304.407 -0.0191963 0.0326448 0.999283 -0.651591
0.455615 -0.889212 0.0414288 159.445 0.889962 0.456033 0.000723344 306.189 -0.0195361 0.0365405 0.999141 -0.655669
0.453858 -0.890117 0.0412976 160.355 0.890931 0.454128 -0.0031312 307.956 -0.0159672 0.0382144 0.999142 -0.663236
0.452389 -0.89095 0.039415 161.206 0.89169 0.452637 -0.00287179 309.63 -0.0152821 0.0364451 0.999219 -0.666878
0.451351 -0.891513 0.0385735 162.051 0.892172 0.451696 0.000257831 311.301 -0.0176534 0.0342979 0.999256 -0.664995
0.450957 -0.891886 0.0343058 162.877 0.892428 0.451188 -0.00109417 312.944 -0.0145025 0.0311089 0.999411 -0.669431
0.452637 -0.891044 0.0340757 163.681 0.891589 0.452843 -0.00186462 314.527 -0.0137695 0.0312255 0.999418 -0.675865
0.455495 -0.889523 0.0356871 164.434 0.890097 0.455771 -0.000469163 315.993 -0.0158478 0.0319787 0.999363 -0.672473
0.45822 -0.888006 0.0384638 165.181 0.888671 0.458546 -0.000388566 317.415 -0.0172924 0.0343597 0.99926 -0.661025
0.460923 -0.886357 0.0438392 165.912 0.887189 0.461406 0.00101029 318.77 -0.0211232 0.038428 0.999038 -0.647757
0.464671 -0.884498 0.0417585 166.893 0.885256 0.465104 0.000737019 320.611 -0.0200739 0.0366245 0.999127 -0.634827
0.468173 -0.882847 0.037365 167.776 0.88355 0.4683 -0.00581451 322.264 -0.0123647 0.0357361 0.999285 -0.621804
0.466609 -0.883494 0.0413919 168.578 0.884234 0.467044 0.000945631 323.754 -0.0201673 0.0361589 0.999143 -0.599383
0.441228 -0.89676 0.0337632 169.451 0.897348 0.441277 -0.00638285 325.485 -0.00917505 0.0331136 0.999409 -0.575002
0.367797 -0.929519 0.0268514 170.111 0.929877 0.367862 -0.0026372 327.137 -0.00742629 0.0259385 0.999636 -0.535306
0.228284 -0.973177 0.0285086 170.544 0.973535 0.228496 0.00434691 328.807 -0.0107444 0.0267618 0.999584 -0.492127
0.0359993 -0.999067 0.0238716 170.654 0.999141 0.0364726 0.019696 330.497 -0.0205483 0.023142 0.999521 -0.462224
-0.189509 -0.981828 0.00998984 170.387 0.981385 -0.189081 0.0336498 332.22 -0.0311494 0.0161808 0.999384 -0.462815
-0.429301 -0.902832 0.0243906 169.707 0.902611 -0.42794 0.0464774 333.99 -0.0315236 0.041968 0.998622 -0.491025
-0.605631 -0.795144 0.0309498 168.846 0.795638 -0.604452 0.0399763 335.226 -0.0130793 0.0488358 0.998721 -0.499691
-0.753287 -0.65633 0.0423204 167.73 0.657692 -0.751768 0.0478133 336.315 0.000433869 0.0638509 0.997959 -0.496509
-0.85011 -0.52654 0.00829136 166.297 0.526504 -0.849533 0.0329767 337.188 -0.0103197 0.0323992 0.999422 -0.4654
-0.89523 -0.445497 -0.00979422 164.697 0.445115 -0.89506 0.0272086 337.98 -0.0208878 0.0199984 0.999582 -0.457813
-0.909511 -0.415654 -0.00478998 162.996 0.415584 -0.909487 0.0111208 338.739 -0.00897883 0.00812385 0.999927 -0.453538
-0.910211 -0.413977 0.0118443 161.219 0.414088 -0.910191 0.00919305 339.554 0.00697488 0.0132722 0.999888 -0.447311
-0.909109 -0.416541 0.00386188 159.308 0.416557 -0.909034 0.0117136 340.43 -0.00136863 0.0122577 0.999924 -0.407874
-0.905248 -0.424878 0.00216613 157.33 0.424878 -0.905251 -0.00018896 341.328 0.00204118 0.000749287 0.999998 -0.384754
-0.901442 -0.432894 -0.00247459 155.928 0.432899 -0.901439 -0.00254255 341.991 -0.00113004 -0.00336321 0.999994 -0.364531
-0.898086 -0.439712 -0.00975588 154.516 0.439765 -0.898105 -0.00395922 342.668 -0.00702088 -0.00784601 0.999945 -0.347769
-0.895382 -0.445265 -0.00555137 153.037 0.445291 -0.895372 -0.00506816 343.403 -0.00271386 -0.00700992 0.999972 -0.34906
-0.892363 -0.45124 -0.00850089 151.475 0.451261 -0.892392 -0.0006412 344.199 -0.00729679 -0.0044083 0.999964 -0.354532
-0.889463 -0.456687 -0.0171272 149.872 0.456643 -0.889626 0.00659558 345.03 -0.0182489 -0.00195451 0.999832 -0.36121
-0.886898 -0.461608 -0.0181928 148.316 0.461567 -0.887081 0.00664137 345.849 -0.0192042 -0.00250698 0.999812 -0.370298
-0.885464 -0.464558 -0.0118394 146.705 0.46457 -0.885535 0.00182753 346.7 -0.0113332 -0.00388203 0.999928 -0.381552
-0.885327 -0.464839 -0.0110156 145.056 0.464836 -0.885392 0.00297089 347.577 -0.0111341 -0.00249025 0.999935 -0.383747
-0.886203 -0.463139 -0.0121295 143.445 0.463111 -0.886285 0.00520466 348.429 -0.0131607 -0.00100492 0.999913 -0.38253
-0.887298 -0.460938 -0.0154657 141.813 0.460959 -0.887418 0.00239122 349.281 -0.0148268 -0.00500734 0.999878 -0.386055
-0.888168 -0.459222 -0.0165291 140.179 0.459252 -0.888304 0.00214126 350.137 -0.0156662 -0.00568924 0.999861 -0.388387
-0.889443 -0.456793 -0.0152394 138.541 0.45686 -0.889538 -0.00106359 350.99 -0.0130702 -0.00790828 0.999883 -0.391263
-0.892258 -0.451276 -0.0150252 136.952 0.451333 -0.892356 -0.000461243 351.813 -0.0131997 -0.00719293 0.999887 -0.400324
-0.89556 -0.444349 -0.022937 135.325 0.44446 -0.895799 0.000292649 352.632 -0.020677 -0.00993251 0.999737 -0.398589
-0.898212 -0.438962 -0.0229746 133.689 0.439232 -0.898337 -0.00817145 353.431 -0.017052 -0.0174309 0.999703 -0.407707
-0.900084 -0.435376 -0.017219 132.058 0.43556 -0.900117 -0.00881776 354.236 -0.01166 -0.0154366 0.999813 -0.409018
-0.900668 -0.434026 -0.0204759 130.475 0.434271 -0.900733 -0.00941032 355.007 -0.014359 -0.0173676 0.999746 -0.403069
-0.900044 -0.435378 -0.0191671 128.875 0.435597 -0.900096 -0.00910815 355.798 -0.0132867 -0.0165469 0.999775 -0.39452
-0.897176 -0.441257 -0.0191732 127.258 0.441539 -0.89713 -0.0142173 356.595 -0.0109274 -0.0212211 0.999715 -0.38876
-0.893079 -0.449264 -0.0239047 125.687 0.44964 -0.893109 -0.0134864 357.389 -0.0152905 -0.0227929 0.999623 -0.383016
-0.888259 -0.458614 -0.0258646 124.115 0.459019 -0.888339 -0.0124849 358.201 -0.0172508 -0.0229622 0.999587 -0.384912
-0.883376 -0.46802 -0.0245833 122.562 0.468372 -0.883463 -0.0109773 359.025 -0.0165809 -0.0212113 0.999638 -0.38761
-0.878485 -0.477282 -0.0215948 121.008 0.477605 -0.878473 -0.013402 359.864 -0.0125739 -0.0220872 0.999677 -0.385128
-0.873555 -0.486257 -0.0213726 119.508 0.486577 -0.873532 -0.0135909 360.691 -0.0120609 -0.0222718 0.999679 -0.375834
-0.868762 -0.494635 -0.0242804 117.999 0.495008 -0.868797 -0.0126319 361.547 -0.0148466 -0.0229931 0.999625 -0.371515
-0.864712 -0.501568 -0.0265066 116.502 0.501915 -0.864879 -0.00815067 362.42 -0.0188369 -0.020352 0.999615 -0.370943
-0.86214 -0.506122 -0.0235737 115.042 0.506346 -0.86232 -0.00430061 363.287 -0.0181515 -0.0156442 0.999713 -0.367504
-0.861109 -0.50811 -0.0177794 113.689 0.508198 -0.86124 -0.000520066 364.097 -0.0150481 -0.00948327 0.999842 -0.362268
-0.861432 -0.507727 -0.0121912 111.754 0.507721 -0.861513 0.0038114 365.257 -0.0124381 -0.00290647 0.999918 -0.34653
-0.866342 -0.49931 -0.0119342 109.962 0.499184 -0.866412 0.0121011 366.318 -0.0163821 0.00452628 0.999856 -0.323277
-0.875016 -0.484018 -0.00862666 108.363 0.483877 -0.875018 0.0143915 367.223 -0.0145142 0.00841854 0.999859 -0.310261
-0.88567 -0.464261 -0.00713583 106.792 0.464132 -0.885647 0.0145341 368.063 -0.0130674 0.00956044 0.999869 -0.295494
-0.895362 -0.445324 -0.00368257 105.229 0.44528 -0.895347 0.0088883 368.849 -0.00725535 0.00631847 0.999954 -0.275832
-0.90347 -0.428633 0.00409321 103.674 0.42865 -0.903455 0.00529419 369.607 0.00142877 0.00653769 0.999978 -0.261037
-0.909786 -0.415052 0.00464871 102.062 0.415059 -0.909795 0.000596671 370.351 0.00398172 0.00247233 0.999989 -0.23562
-0.914473 -0.404615 0.00503125 100.387 0.404594 -0.914484 -0.00475121 371.098 0.00652341 -0.00230924 0.999976 -0.208363
-0.916279 -0.400493 0.00627489 98.6514 0.400442 -0.916288 -0.0079673 371.865 0.00894045 -0.00478754 0.999949 -0.186555
-0.916046 -0.401041 -0.00511291 96.8151 0.401069 -0.91602 -0.00713634 372.667 -0.00182156 -0.00858785 0.999961 -0.17057
-0.913205 -0.406216 -0.0323229 94.8192 0.406511 -0.913641 -0.00286252 373.534 -0.0283687 -0.0157537 0.999473 -0.181398
-0.90889 -0.416977 -0.00704493 92.8019 0.417026 -0.908617 -0.0224759 374.437 0.00297079 -0.023366 0.999723 -0.220707
-0.904845 -0.424273 -0.0353351 91.3656 0.424838 -0.905214 -0.010027 375.105 -0.0277317 -0.0240845 0.999325 -0.234876
-0.901803 -0.431014 -0.0312978 89.8918 0.431434 -0.90211 -0.0078862 375.815 -0.024835 -0.0206148 0.999479 -0.265056
-0.898811 -0.438291 -0.00640034 88.3812 0.438317 -0.898529 -0.0229086 376.544 0.00428976 -0.0233959 0.999717 -0.302023
-0.894256 -0.446834 -0.0254352 86.7622 0.447432 -0.893905 -0.0271839 377.323 -0.01059 -0.0356899 0.999307 -0.304872
-0.888309 -0.45855 -0.0253069 85.1734 0.4592 -0.887657 -0.0346421 378.117 -0.00657873 -0.0423938 0.999079 -0.316837
-0.881778 -0.471664 -8.38477e-05 83.5496 0.471344 -0.881173 -0.0370089 378.987 0.0173819 -0.0326732 0.999315 -0.321401
-0.874952 -0.484097 -0.0104678 81.8472 0.484207 -0.874663 -0.0225626 379.925 0.00176673 -0.0248098 0.999691 -0.290987
-0.869047 -0.494325 -0.0200268 80.1134 0.494608 -0.869021 -0.0128769 380.889 -0.0110383 -0.021096 0.999717 -0.287886
-0.866417 -0.49919 -0.0114999 78.4438 0.499314 -0.866307 -0.014069 381.839 -0.00293937 -0.0179316 0.999835 -0.296328
-0.865846 -0.500201 -0.0104849 76.7216 0.50029 -0.865811 -0.00907512 382.833 -0.00453851 -0.0131031 0.999904 -0.279523
-0.866972 -0.498135 -0.0148643 74.9633 0.498281 -0.866974 -0.00847415 383.834 -0.00866567 -0.0147534 0.999854 -0.266879
-0.869866 -0.492912 -0.0192828 73.2425 0.493101 -0.869949 -0.00635449 384.809 -0.0136429 -0.0150359 0.999794 -0.262626
-0.873144 -0.487456 -0.00232884 71.528 0.487459 -0.873114 -0.0074216 385.793 0.00158437 -0.00761534 0.99997 -0.268224
-0.876536 -0.481335 -0.00104891 69.796 0.481333 -0.876536 0.00166465 386.781 -0.00172066 0.000954248 0.999998 -0.26479
