0.501544 -0.864485 0.0334438 1.04215 0.864869 0.50197 0.00526827 1.83294 -0.0213421 0.0262822 0.999427 -0.0130087
0.48981 -0.871231 0.0322856 2.12966 0.871606 0.490187 0.00447105 3.78451 -0.0197213 0.0259503 0.999469 -0.055661
0.482427 -0.875396 0.0307671 2.87464 0.875723 0.482787 0.00510877 5.15396 -0.0193262 0.0244789 0.999514 -0.0847405
0.475267 -0.879286 0.0312562 3.63748 0.879534 0.475741 0.00955659 6.60136 -0.0232728 0.0229489 0.999466 -0.119762
0.469833 -0.882165 0.032272 4.40873 0.882491 0.470273 0.00728282 8.05197 -0.0216013 0.025058 0.999453 -0.147408
0.466932 -0.88355 0.0362548 5.20522 0.88396 0.46749 0.00830179 9.57118 -0.0242838 0.0281714 0.999308 -0.182528
0.464073 -0.885091 0.035362 5.99442 0.885539 0.464532 0.00562606 11.0827 -0.0214064 0.0287035 0.999359 -0.201458
0.461481 -0.886618 0.030734 6.78493 0.886969 0.461809 0.00420631 12.657 -0.0179227 0.025319 0.999519 -0.248626
0.458165 -0.888433 0.0277822 7.6137 0.888704 0.458456 0.00480186 14.2343 -0.017003 0.0224901 0.999602 -0.270599
0.456405 -0.889294 0.0291678 8.43751 0.88958 0.456742 0.00580321 15.8807 -0.0184829 0.0232985 0.999558 -0.292859
0.453729 -0.890619 0.0304754 9.27325 0.890915 0.454117 0.00691724 17.5144 -0.02 0.0240124 0.999512 -0.311592
0.454027 -0.890435 0.0313847 10.0907 0.890691 0.454503 0.00980732 19.1532 -0.0229972 0.0235013 0.999459 -0.330909
0.454513 -0.890161 0.0321134 10.9694 0.890331 0.455102 0.0139115 20.8711 -0.0269983 0.0222686 0.999387 -0.365723
0.457693 -0.888521 0.0323529 11.8123 0.888671 0.458308 0.0147643 22.5269 -0.027946 0.0219936 0.999367 -0.399343
0.460459 -0.887129 0.0313078 12.7158 0.887441 0.460868 0.00699862 24.2501 -0.0206374 0.0245612 0.999485 -0.4716
0.461215 -0.886589 0.0352377 13.5948 0.887013 0.461697 0.00659113 25.9221 -0.0221128 0.0282164 0.999357 -0.480753
0.460203 -0.886566 0.047062 14.5368 0.887462 0.460866 0.00372005 27.6897 -0.0249873 0.0400537 0.998885 -0.511539
0.45715 -0.888157 0.0468113 15.3931 0.889101 0.457708 0.00136615 29.4263 -0.0226393 0.0409955 0.998903 -0.564064
0.454396 -0.889842 0.0413075 16.3053 0.890541 0.454893 0.00300841 31.2401 -0.0214675 0.035419 0.999142 -0.592858
0.453062 -0.890637 0.0387328 17.2018 0.891141 0.453659 0.00785621 33.0227 -0.0245686 0.0309571 0.999219 -0.621208
0.452014 -0.890986 0.0427361 18.1216 0.891572 0.452776 0.00968244 34.8216 -0.0279768 0.0337257 0.999039 -0.651765
0.450186 -0.892085 0.0389535 18.9794 0.892264 0.45111 0.0190859 36.6043 -0.0345985 0.0261646 0.999059 -0.681026
0.450766 -0.891948 0.035189 19.8962 0.892076 0.451534 0.0178457 38.4439 -0.0318065 0.0233471 0.999221 -0.717474
0.449519 -0.892501 0.0370851 20.7614 0.892685 0.45034 0.0175235 40.1979 -0.0323407 0.0252281 0.999158 -0.780107
0.449471 -0.892715 0.0321655 21.6592 0.892708 0.45019 0.0200531 41.9997 -0.0323823 0.0197011 0.999281 -0.799366
0.447544 -0.893622 0.0338255 22.4945 0.893865 0.448151 0.0128408 43.7384 -0.0266337 0.0244886 0.999345 -0.845124
0.44854 -0.893076 0.0350307 23.3841 0.893273 0.449247 0.0155067 45.5279 -0.0295861 0.0243366 0.999266 -0.824245
0.445657 -0.894473 0.0361739 24.1891 0.894604 0.446474 0.0185841 47.1881 -0.0327736 0.0240792 0.999173 -0.89301
0.444784 -0.895019 0.0332926 25.0488 0.895014 0.445554 0.0207698 48.9399 -0.033423 0.0205592 0.99923 -0.924747
0.442956 -0.89534 0.0464413 25.926 0.895794 0.444109 0.0178918 50.6444 -0.0366442 0.0336766 0.998761 -0.963652
0.442559 -0.895602 0.0451486 26.7563 0.895975 0.443699 0.01896 52.3902 -0.037013 0.0320611 0.9988 -1.04103
0.440331 -0.896675 0.0456321 27.5635 0.89736 0.441183 0.0101163 53.9929 -0.0292031 0.0364939 0.998907 -1.11452
0.43862 -0.897839 0.0386898 28.3657 0.898165 0.439413 0.0147076 55.6609 -0.0302058 0.0282988 0.999143 -1.1612
0.437357 -0.898681 0.0330196 29.114 0.898758 0.438065 0.0182399 57.265 -0.0308566 0.0216993 0.999288 -1.1629
0.436307 -0.899152 0.0340824 29.8945 0.899202 0.437083 0.0198552 58.9023 -0.0327497 0.021984 0.999222 -1.21777
0.432195 -0.901121 0.0344697 30.5634 0.901197 0.432975 0.019427 60.3287 -0.0324306 0.0226677 0.999217 -1.21403
0.430022 -0.9021 0.0359995 31.2639 0.902117 0.430918 0.0222429 61.8419 -0.0355781 0.0229108 0.999104 -1.26632
0.424872 -0.904845 0.0271905 32.1682 0.904748 0.425446 0.020631 63.7845 -0.030236 0.015835 0.999417 -1.25943
0.423226 -0.905802 0.0200402 33.0321 0.90569 0.423567 0.0178079 65.6586 -0.0246188 0.0106134 0.999641 -1.26487
0.421782 -0.906391 0.023567 33.873 0.906491 0.422098 0.010386 67.3882 -0.0193614 0.0169826 0.999668 -1.25716
0.427211 -0.903717 0.0280474 34.5841 0.90395 0.427566 0.00787055 68.9462 -0.0191049 0.0219911 0.999576 -1.29193
0.443801 -0.895564 0.0317075 35.3021 0.895743 0.444367 0.0134924 70.3938 -0.0261731 0.0224138 0.999406 -1.31212
0.480907 -0.876356 0.0270148 35.9842 0.876167 0.481491 0.0223062 71.7496 -0.0325556 0.0129422 0.999386 -1.32059
0.573222 -0.818747 0.0327115 37.0188 0.818551 0.573989 0.0226154 73.2691 -0.0372924 0.0138124 0.999209 -1.3887
0.706908 -0.706535 0.0330071 38.1653 0.706072 0.707661 0.0260428 74.4749 -0.041758 0.00489555 0.999116 -1.429
0.853313 -0.520442 0.0315791 39.4308 0.519835 0.853879 0.0257443 75.3351 -0.0403631 -0.00555204 0.99917 -1.48006
0.958163 -0.284218 0.0338282 40.871 0.283561 0.95868 0.0229514 75.8433 -0.0389536 -0.0123988 0.999164 -1.52411
0.999341 0.00743625 0.0355332 42.7392 -0.00816536 0.999758 0.0204181 75.9332 -0.0353728 -0.0206948 0.99916 -1.53405
0.981902 0.186099 0.0351557 44.2638 -0.186162 0.982518 -0.00149211 75.6602 -0.0348188 -0.00507957 0.999381 -1.59999
0.951185 0.30721 0.0294897 45.7675 -0.307748 0.951337 0.0157745 75.2567 -0.0232085 -0.0240799 0.999441 -1.62229
0.921656 0.387792 0.0129578 47.3058 -0.387955 0.921569 0.014208 74.6282 -0.00643174 -0.018122 0.999815 -1.66834
0.907152 0.420798 0.00234983 49.5831 -0.420725 0.907074 -0.0144137 73.7353 -0.00819672 0.0120867 0.999893 0.212188
0.896804 0.442425 -0.00161237 51.0462 -0.442352 0.896577 -0.0217935 73.0259 -0.00819639 0.0202578 0.999761 0.167005
0.890229 0.455484 -0.00513535 52.5672 -0.455457 0.889888 -0.0256518 72.1822 -0.00711413 0.0251749 0.999658 0.157137
0.886149 0.463327 -0.00829264 54.2693 -0.46336 0.885689 -0.0292051 71.371 -0.00618683 0.0297226 0.999539 0.139259
0.886625 0.462408 -0.00871226 56.1219 -0.462453 0.886157 -0.0293749 70.3907 -0.00586278 0.0300735 0.99953 0.128311
0.892445 0.451064 -0.00914384 58.093 -0.451105 0.891852 -0.0332524 69.4263 -0.00684404 0.0338008 0.999405 0.124378
0.896726 0.442561 -0.00465176 59.4933 -0.442444 0.896125 -0.0346973 68.7242 -0.0111871 0.0331721 0.999387 0.11832
0.900617 0.434604 -0.00292096 60.9706 -0.434443 0.900055 -0.0340739 68.0168 -0.0121796 0.0319565 0.999415 0.111299
0.903333 0.42893 -0.0028567 62.4611 -0.428889 0.903106 -0.0213227 67.3454 -0.00656603 0.0204867 0.999769 0.129337
0.902106 0.431435 -0.00837734 63.9886 -0.431516 0.901937 -0.0174154 66.6827 4.22074e-05 0.0193255 0.999813 0.0956089
0.901278 0.433236 -0.00232474 65.5167 -0.433211 0.901136 -0.0167905 65.9855 -0.00517935 0.01614 0.999856 0.0897676
0.902495 0.430695 -0.00221001 66.989 -0.430681 0.902391 -0.0142846 65.2873 -0.00415801 0.0138435 0.999896 0.119312
0.901226 0.433347 -0.00136436 68.5475 -0.433338 0.901179 -0.00971653 64.6068 -0.0029811 0.00934801 0.999952 0.125736
0.899828 0.436245 0.00069762 69.9145 -0.436236 0.899817 -0.00546062 63.8974 -0.00300992 0.00460927 0.999985 0.130864
0.895255 0.445547 0.00275047 71.4072 -0.445517 0.895242 -0.00758359 63.1743 -0.0058412 0.00556385 0.999967 0.116422
0.888137 0.459539 0.00604641 72.8106 -0.459527 0.888157 -0.00340653 62.4649 -0.00693561 0.000246962 0.999976 0.165129
0.878347 0.478004 0.00441423 74.271 -0.477965 0.878346 -0.00764813 61.7034 -0.00753307 0.00460784 0.999961 0.162016
0.868214 0.496136 0.00741503 75.6578 -0.496092 0.868242 -0.00700742 60.9059 -0.00991468 0.00240539 0.999948 0.147801
0.856279 0.5164 0.0108901 77.0284 -0.516403 0.856341 -0.00268517 60.1027 -0.0107123 -0.00332446 0.999937 0.147347
0.839712 0.542888 0.0125153 78.9473 -0.542948 0.839765 0.00169422 58.8873 -0.00959019 -0.00821785 0.99992 0.125683
0.823621 0.567062 0.00947282 80.7466 -0.567093 0.823654 0.000751527 57.6399 -0.00737617 -0.00599095 0.999955 0.179449
0.81414 0.580572 0.0106411 82.5168 -0.580505 0.814209 -0.00888031 56.3778 -0.0138198 0.00105257 0.999904 0.20971
0.810086 0.586214 0.0107078 84.1958 -0.586061 0.810139 -0.0144676 55.13 -0.017156 0.00544454 0.999838 0.198271
0.81379 0.581155 0.0024198 85.7709 -0.580999 0.813655 -0.0201643 54.0628 -0.0136875 0.0150035 0.999794 0.205042
0.832089 0.554637 0.00262421 87.2773 -0.554543 0.832019 -0.0150983 53.0845 -0.0105575 0.0111079 0.999883 0.190884
0.867452 0.497513 -0.00305622 88.6888 -0.497512 0.86738 -0.0116298 52.2928 -0.0031351 0.0116088 0.999928 0.192624
0.911881 0.410445 -0.00299722 90.1402 -0.410454 0.911828 -0.00986325 51.5911 -0.0013154 0.0102243 0.999947 0.190776
0.958895 0.28365 0.00805634 91.6172 -0.283586 0.958912 -0.0082843 51.2041 -0.0100752 0.00565909 0.999933 0.195025
0.992814 0.119228 0.0102518 93.1328 -0.119161 0.992852 -0.00684302 51.1061 -0.0109944 0.00557222 0.999924 0.208969
0.988779 -0.149243 -0.0065203 95.0589 0.149157 0.988739 -0.0122025 51.3954 0.00826797 0.011093 0.999904 0.226376
0.910773 -0.412901 -0.00230135 96.8059 0.412847 0.910722 -0.0120065 52.0855 0.00705335 0.00998508 0.999925 0.254125
0.786644 -0.617312 0.0108873 98.301 0.617326 0.786705 0.00242484 53.1985 -0.010062 0.00481354 0.999938 0.28321
0.694773 -0.719205 0.00596083 99.5984 0.719185 0.694799 0.00535171 54.5055 -0.00799057 0.000568736 0.999968 0.282912
0.662978 -0.748633 0.00288603 100.608 0.748592 0.662975 0.00869305 55.656 -0.00842129 -0.00360282 0.999958 0.271197
0.657327 -0.753539 -0.0100628 101.546 0.753606 0.657266 0.00892875 56.8577 -0.00011427 -0.0134524 0.99991 0.263919
0.664101 -0.747497 -0.0148198 102.652 0.747593 0.664156 0.00149046 58.1219 0.00872852 -0.012069 0.999889 0.267491
0.677896 -0.734769 -0.023918 103.926 0.735135 0.677774 0.0141114 59.5361 0.00584235 -0.027149 0.999614 0.273033
0.685419 -0.728125 -0.00599984 105.255 0.728125 0.685305 0.0138364 60.9673 -0.00596293 -0.0138523 0.999886 0.323493
0.684791 -0.728729 -0.00393916 106.617 0.728725 0.684802 -0.00267491 62.4518 0.0046468 -0.00103879 0.999989 0.284591
0.679303 -0.733682 -0.0161236 108.119 0.733828 0.679311 0.00577344 63.9929 0.00671703 -0.0157538 0.999853 0.310781
0.676267 -0.736601 -0.0090976 109.121 0.73665 0.676157 0.0126388 65.1102 -0.00315834 -0.0152489 0.999879 0.367328
0.672362 -0.740097 -0.0136461 110.128 0.740204 0.672362 0.00531178 66.2377 0.00524387 -0.0136723 0.999893 0.390893
0.666056 -0.745763 -0.014393 111.173 0.745857 0.666105 0.00180194 67.4068 0.00824339 -0.0119353 0.999895 0.400515
0.659903 -0.751224 -0.0138254 112.249 0.751308 0.659951 0.00144355 68.664 0.00803961 -0.0113397 0.999903 0.389723
0.660359 -0.750943 -0.00323683 113.364 0.750948 0.660362 0.000349236 70.0014 0.0018752 -0.0026613 0.999995 0.443142
0.659721 -0.751466 -0.00816409 114.474 0.751501 0.659729 0.00209058 71.3108 0.00381506 -0.0075145 0.999964 0.467057
0.660495 -0.75062 -0.0178209 115.549 0.750793 0.660515 0.00559218 72.5781 0.00757332 -0.0170734 0.999826 0.474397
0.665022 -0.746328 -0.0272351 116.69 0.746796 0.664873 0.0155215 73.917 0.0065237 -0.0306611 0.999509 0.448403
0.667881 -0.743786 -0.0267885 117.821 0.744226 0.667795 0.0133685 75.2126 0.00794584 -0.0288652 0.999552 0.502187
0.669971 -0.742155 -0.0185656 118.978 0.742353 0.669971 0.00718666 76.4267 0.00710479 -0.0185971 0.999802 0.547152
0.671826 -0.74049 -0.0180187 120.166 0.74067 0.671843 0.0060185 77.7644 0.00764904 -0.0173892 0.99982 0.631699
0.673558 -0.738834 -0.0210745 121.313 0.739134 0.673321 0.0179191 79.0449 0.000950682 -0.0276464 0.999617 0.576263
0.674573 -0.737894 -0.0215715 122.411 0.738072 0.674723 0.000443991 80.2444 0.0142271 -0.0162208 0.999767 0.56395
0.673707 -0.738723 -0.0201891 123.567 0.738818 0.673895 -0.00369574 81.5129 0.0163355 -0.0124262 0.999789 0.617698
0.701735 -0.712438 0.000984985 125.37 0.712291 0.701617 0.0193977 80.4216 -0.0145108 -0.0129104 0.999811 0.416024
0.700399 -0.713717 -0.00703901 126.516 0.713746 0.700319 0.0109821 81.6188 -0.00290855 -0.0127159 0.999915 0.416315
0.699367 -0.714643 -0.0131178 127.687 0.71476 0.699301 0.00984656 82.8363 0.00213649 -0.0162624 0.999865 0.41109
0.695009 -0.718715 -0.020307 128.833 0.718972 0.69496 0.0105237 84.0098 0.00654895 -0.0219142 0.999738 0.412852
0.687679 -0.725727 -0.0204566 129.931 0.725921 0.687771 0.00325184 85.2058 0.0117094 -0.017086 0.999785 0.487624
0.68498 -0.728168 -0.0239645 131.024 0.728482 0.685024 0.00762482 86.4186 0.0108641 -0.0226805 0.999684 0.558774
0.681946 -0.731159 -0.0188887 132.123 0.731392 0.681852 0.0120431 87.6082 0.00407381 -0.0220278 0.999749 0.536814
0.676327 -0.736394 -0.0175049 133.216 0.736563 0.676344 0.00584667 88.7929 0.00753383 -0.0168477 0.99983 0.569343
0.6678 -0.744254 -0.0114031 134.332 0.744316 0.667825 0.00199386 89.997 0.0061313 -0.00981898 0.999933 0.588671
0.659406 -0.751787 -0.000479939 135.385 0.751771 0.659388 0.00692515 91.2449 -0.00488978 -0.00492727 0.999976 0.641894
0.652885 -0.757443 -0.00461694 136.437 0.757422 0.652783 0.0136874 92.4025 -0.00735359 -0.0124333 0.999896 0.650019
0.643226 -0.765652 -0.00615371 137.453 0.765673 0.643229 0.00181049 93.601 0.00257201 -0.00587626 0.999979 0.682597
0.632865 -0.774234 -0.00663914 138.477 0.774263 0.632841 0.00546858 94.8797 -3.24624e-05 -0.00860128 0.999963 0.747578
0.619444 -0.784727 -0.0222293 139.459 0.784987 0.619485 0.00583015 96.2364 0.00919564 -0.0210612 0.999736 0.686795
0.604963 -0.795987 -0.0206183 140.451 0.796189 0.605041 0.00289525 97.5291 0.0101703 -0.0181676 0.999783 0.711642
0.591851 -0.805808 -0.0196549 141.443 0.806038 0.591789 0.00943814 98.8918 0.0040262 -0.0214285 0.999762 0.748254
0.580122 -0.814211 -0.0228149 142.393 0.814527 0.579809 0.0191755 100.277 -0.00238461 -0.0297074 0.999556 0.74578
0.57368 -0.818516 -0.0303788 143.338 0.819073 0.573433 0.0171657 101.621 0.00336974 -0.03473 0.999391 0.790185
0.56817 -0.82189 -0.0409935 144.265 0.822859 0.567992 0.0169997 103.019 0.00931208 -0.0433906 0.999015 0.827077
0.562239 -0.826215 -0.0354476 145.175 0.826974 0.561652 0.0257321 104.41 -0.00135106 -0.0437818 0.99904 0.822104
0.556134 -0.83048 -0.0319184 146.089 0.831071 0.55543 0.0286139 105.788 -0.00603482 -0.0424395 0.999081 0.819789
0.545744 -0.83736 -0.0315063 146.956 0.837953 0.545343 0.0209223 107.099 -0.000337754 -0.037819 0.999285 0.781919
0.5323 -0.846044 -0.0294273 147.836 0.846555 0.532034 0.0168983 108.501 0.00135961 -0.0339067 0.999424 0.846961
0.521417 -0.853035 -0.0213623 148.709 0.853299 0.521179 0.0159161 109.903 -0.00244343 -0.0265273 0.999645 0.878491
0.511119 -0.859486 -0.00646605 149.609 0.859506 0.511078 0.0069707 111.344 -0.00268657 -0.00912044 0.999955 0.84816
0.500355 -0.865812 -0.00404684 150.455 0.865776 0.500371 -0.00782272 112.735 0.0087979 0.000410493 0.999961 0.824701
0.489641 -0.87186 -0.010569 151.284 0.871914 0.489541 0.0107638 114.294 -0.00421062 -0.0144856 0.999886 0.863831
0.483351 -0.875368 -0.0101705 152.089 0.8754 0.483212 0.0134772 115.798 -0.00688298 -0.0154174 0.999857 0.8653
0.478152 -0.878187 -0.0125805 152.874 0.878253 0.478196 -0.000576209 117.279 0.00652195 -0.0107733 0.999921 0.92539
0.474386 -0.88015 -0.0171655 153.706 0.880297 0.474418 0.00238485 118.802 0.00604456 -0.016242 0.99985 0.94072
0.474763 -0.880022 -0.0127436 154.559 0.88011 0.474666 0.0099336 120.413 -0.00269283 -0.0159319 0.999869 0.968943
0.472196 -0.881398 -0.0129735 155.255 0.881483 0.472213 0.00194201 121.804 0.00441454 -0.0123529 0.999914 0.924531
0.466133 -0.884714 -0.00148709 156.084 0.884586 0.466093 -0.0163323 123.33 0.0151425 0.00629759 0.999866 0.97599
0.463601 -0.886041 -0.00271818 156.899 0.886002 0.463606 -0.00844072 124.913 0.00873897 0.00150483 0.999961 1.03311
0.461736 -0.886985 -0.00761579 157.693 0.886932 0.461793 -0.00995741 126.491 0.012349 -0.00215697 0.999921 1.05027
0.462871 -0.88638 -0.00901242 158.407 0.886379 0.462928 -0.00564916 127.933 0.00917938 -0.00537355 0.999943 1.03307
0.461106 -0.887231 -0.0142799 159.173 0.887337 0.461111 0.00314594 129.382 0.00379342 -0.0141217 0.999893 1.0771
0.459502 -0.887968 -0.0192461 159.962 0.888174 0.459451 0.00728364 130.95 0.00237498 -0.0204407 0.999788 1.07136
0.459262 -0.888178 -0.0147755 160.661 0.888263 0.459332 -0.00159176 132.318 0.00820062 -0.0123935 0.99989 1.12708
0.456219 -0.889718 -0.0163266 161.421 0.889867 0.456168 0.00697995 133.847 0.00123747 -0.0177128 0.999842 1.13246
0.455042 -0.890449 -0.00626448 162.15 0.890442 0.454959 0.0112498 135.173 -0.00716728 -0.0106972 0.999917 1.19502
0.454491 -0.890745 -0.00339369 162.865 0.890752 0.454486 0.00210897 136.56 -0.000336184 -0.00398141 0.999992 1.25183
0.457719 -0.889084 -0.00483152 163.734 0.889026 0.457745 -0.0101593 138.343 0.0112441 0.000354798 0.999937 1.24802
0.474427 -0.880254 -0.00852497 164.625 0.880292 0.474429 0.00194961 140.113 0.00232832 -0.00842939 0.999962 1.29072
0.491877 -0.870521 -0.0158367 165.584 0.870638 0.491924 0.00100225 141.923 0.00691797 -0.014281 0.999874 1.34065
0.508693 -0.860761 -0.0179376 166.546 0.860747 0.508915 -0.0110352 143.536 0.0186274 -0.00982616 0.999778 1.36468
0.523953 -0.851708 -0.00818376 167.523 0.851727 0.523983 -0.00193287 145.154 0.00593437 -0.00595757 0.999965 1.41064
0.527802 -0.849365 -0.00237962 168.564 0.849365 0.527806 -0.00116378 146.781 0.00224443 -0.0014069 0.999996 1.42915
0.527589 -0.849461 -0.00810453 169.538 0.849483 0.527616 -0.00135945 148.472 0.00543086 -0.0061674 0.999966 1.4403
0.519945 -0.853969 -0.019872 170.598 0.853991 0.520192 -0.0100626 150.181 0.0189303 -0.0117385 0.999752 1.45207
0.505557 -0.862793 -0.000802398 171.388 0.862304 0.505239 0.0341502 152.131 -0.0290591 -0.0179567 0.999416 -0.0735123
0.496848 -0.867737 0.0132853 172.385 0.866997 0.496982 0.0364232 153.859 -0.0382083 -0.00657843 0.999248 -0.115244
0.488972 -0.871971 0.0239599 173.374 0.871696 0.489471 0.0237696 155.641 -0.0324541 0.00926309 0.99943 -0.169011
0.489117 -0.871715 0.0296468 174.139 0.871569 0.489782 0.0219534 156.932 -0.0336575 0.0151015 0.999319 -0.227089
0.487375 -0.872433 0.0364186 175.162 0.872694 0.488083 0.0134647 158.776 -0.0295223 0.0252199 0.999246 -0.319715
0.483321 -0.87406 0.049204 176.18 0.874724 0.484439 0.0133188 160.579 -0.0354777 0.0366027 0.9987 -0.365135
0.484335 -0.873614 0.0470999 177.128 0.874507 0.485003 0.0031959 162.289 -0.0256355 0.0396413 0.998885 -0.378857
0.484519 -0.873712 0.043249 178.148 0.874589 0.484857 -0.00300596 164.103 -0.0183432 0.0392815 0.99906 -0.351926
0.483472 -0.873358 0.0591779 179.035 0.874823 0.484438 0.00228594 165.754 -0.0306644 0.050665 0.998245 -0.328124
0.470201 -0.880466 0.0607573 179.918 0.881847 0.471473 0.00775755 167.258 -0.0354757 0.049931 0.998122 -0.431881
0.430427 -0.900101 0.0674675 180.612 0.902199 0.431318 -0.00148511 168.678 -0.0277632 0.0615083 0.99772 -0.437299
0.363707 -0.92892 0.0694738 181.162 0.931182 0.364555 -0.00049995 170.198 -0.0248626 0.0648745 0.997584 -0.471668
0.220353 -0.973346 0.0635879 181.538 0.975354 0.220629 -0.00273807 172.064 -0.0113642 0.062624 0.997972 -0.424692
0.0174423 -0.999607 0.0219619 181.5 0.999842 0.0173588 -0.00399093 173.916 0.00360813 0.022028 0.999751 -0.395231
-0.214501 -0.976683 -0.00901483 181.066 0.976667 -0.214579 0.00883485 175.59 -0.0105632 -0.00690936 0.99992 -0.418512
-0.427597 -0.903333 -0.0339184 180.354 0.903161 -0.428501 0.0262284 177.128 -0.038227 -0.0194186 0.99908 -0.458696
-0.626443 -0.77936 -0.0129236 179.384 0.779044 -0.626563 0.0225844 178.416 -0.0256988 0.00407984 0.999661 -0.488605
-0.767346 -0.641098 -0.013179 178.016 0.640921 -0.767452 0.0154133 179.605 -0.0199956 0.00338064 0.999794 -0.539453
-0.845456 -0.533951 -0.0100868 176.407 0.533885 -0.845514 0.00857962 180.652 -0.0131096 0.00186853 0.999912 -0.565085
-0.875354 -0.48336 -0.0109154 175.034 0.483375 -0.875412 0.00142767 181.452 -0.0102455 -0.00402646 0.999939 -0.584919
-0.88406 -0.467239 -0.0112581 173.445 0.467334 -0.884045 -0.00802095 182.204 -0.00620497 -0.0123523 0.999904 -0.615525
-0.885884 -0.463804 -0.00984348 171.75 0.463875 -0.885875 -0.00678844 183.065 -0.00557155 -0.0105799 0.999929 -0.582435
-0.884639 -0.46624 -0.00588896 169.877 0.466269 -0.884627 -0.0054371 184.039 -0.00267451 -0.00755569 0.999968 -0.58736
-0.884136 -0.467195 -0.00576446 168.504 0.467223 -0.884125 -0.00518501 184.724 -0.00267406 -0.00727751 0.99997 -0.588384
-0.881703 -0.471791 -0.00367353 167.103 0.471805 -0.881684 -0.00585037 185.501 -0.00047872 -0.00689145 0.999976 -0.611886
-0.880389 -0.474251 -0.000977655 165.589 0.474252 -0.880386 -0.00242134 186.302 0.000287626 -0.00259535 0.999997 -0.610299
-0.878723 -0.477332 -0.000416555 164.092 0.477332 -0.878723 -0.00038654 187.154 -0.000181515 -0.000538467 1 -0.61693
-0.878572 -0.477571 -0.00608005 162.47 0.477561 -0.878593 0.00318073 188.034 -0.0068609 -0.000109069 0.999976 -0.613648
-0.878475 -0.477752 -0.00591997 161.001 0.477726 -0.878493 0.00540394 188.818 -0.00778238 0.00191913 0.999968 -0.574413
-0.880433 -0.474171 -0.000617901 159.369 0.474164 -0.880425 0.00466762 189.669 -0.00275725 0.00381656 0.999989 -0.586328
-0.882298 -0.470679 -0.00346323 157.813 0.470597 -0.882244 0.0135601 190.542 -0.00943786 0.0103343 0.999902 -0.589956
-0.885296 -0.464999 -0.00517211 156.2 0.464801 -0.885157 0.0213819 191.393 -0.0145207 0.0165253 0.999758 -0.619805
-0.888097 -0.459615 -0.00618916 154.721 0.45942 -0.887992 0.0201074 192.145 -0.0147376 0.0150139 0.999779 -0.593363
-0.890326 -0.45531 -0.00362906 153.13 0.455174 -0.890208 0.0186341 192.935 -0.0117149 0.0149386 0.99982 -0.616642
-0.890497 -0.454979 -0.00315366 151.575 0.454912 -0.890451 0.012362 193.689 -0.00843261 0.00957371 0.999919 -0.580983
-0.890929 -0.454136 -0.00239435 150.035 0.454101 -0.890908 0.00873345 194.449 -0.00609929 0.00669364 0.999959 -0.603304
-0.889115 -0.45768 -0.001906 148.532 0.457676 -0.889116 0.00226544 195.206 -0.00273149 0.00114193 0.999996 -0.582107
-0.887845 -0.460133 -0.00289816 147.007 0.460123 -0.887848 0.00354275 195.98 -0.00420324 0.00181193 0.99999 -0.557663
-0.885109 -0.465384 0.00111548 145.58 0.465341 -0.884989 0.0159145 196.8 -0.00641913 0.0146051 0.999873 -0.529523
-0.883723 -0.467997 0.00354573 144.091 0.467995 -0.883604 0.0150148 197.578 -0.00389386 0.0149283 0.999881 -0.513114
-0.883291 -0.468818 0.00261876 142.615 0.468797 -0.883162 0.0159673 198.382 -0.00517293 0.0153315 0.999869 -0.532877
-0.884214 -0.467083 1.32464e-05 141.099 0.467004 -0.884064 0.0183931 199.162 -0.00857938 0.0162697 0.999831 -0.529125
-0.887087 -0.46158 -0.00466608 139.675 0.461494 -0.887052 0.0127782 199.859 -0.0100372 0.00918199 0.999907 -0.507214
-0.891132 -0.453726 -0.00413126 138.183 0.453691 -0.891129 0.00735332 200.597 -0.00701785 0.00467849 0.999964 -0.520413
-0.894911 -0.446245 -0.000768094 136.743 0.44623 -0.894892 0.00696425 201.308 -0.00379509 0.00588965 0.999975 -0.505675
-0.899602 -0.436696 -0.00362943 135.255 0.436676 -0.899604 0.0051576 202.006 -0.00551733 0.00305493 0.99998 -0.485928
-0.903142 -0.429235 -0.00965556 133.213 0.42928 -0.903166 -0.00312839 202.917 -0.00737772 -0.00697029 0.999948 -0.44932
-0.904178 -0.426959 -0.0129627 131.799 0.42708 -0.904173 -0.00859032 203.517 -0.00805281 -0.0133033 0.999879 -0.435011
-0.905016 -0.425081 -0.0159353 129.831 0.425234 -0.905051 -0.00773294 204.483 -0.0111351 -0.0137746 0.999843 -0.472102
-0.902637 -0.4299 -0.0208193 128.026 0.430234 -0.902583 -0.0156178 205.395 -0.012077 -0.0230544 0.999661 -0.487417
-0.897162 -0.44112 -0.0226701 126.263 0.441534 -0.897056 -0.0184244 206.227 -0.0122089 -0.0265392 0.999573 -0.457735
-0.898096 -0.439137 -0.0241649 124.806 0.439536 -0.898106 -0.0146526 206.776 -0.015268 -0.0237808 0.999601 -0.53631
-0.892192 -0.450974 -0.0248638 123.39 0.451407 -0.89218 -0.0157513 207.525 -0.0150794 -0.0252768 0.999567 -0.553647
-0.886664 -0.461718 -0.0253694 122.046 0.462199 -0.886592 -0.0181228 208.197 -0.0141247 -0.0277945 0.999514 -0.570634
-0.87602 -0.481509 -0.0271909 120.445 0.481996 -0.87604 -0.0153346 209.031 -0.0164365 -0.0265393 0.999513 -0.566091
-0.861801 -0.50685 -0.0201091 118.944 0.507065 -0.861879 -0.00719859 209.947 -0.0136829 -0.0164003 0.999772 -0.522304
-0.84812 -0.529674 -0.0118158 117.658 0.529773 -0.848107 -0.00764525 210.749 -0.00597151 -0.0127438 0.999901 -0.544316
-0.821838 -0.569643 0.0095821 116.243 0.569432 -0.821839 -0.0181565 211.647 0.0182177 -0.0094653 0.999789 -0.532538
-0.724464 -0.689313 0.0013709 115.016 0.689265 -0.724434 -0.0105444 212.742 0.00826156 -0.0066941 0.999943 -0.522994
-0.567023 -0.823697 -0.0033781 114.123 0.823668 -0.567032 0.00701321 213.957 -0.00769217 0.00119423 0.99997 -0.486637
-0.319343 -0.94764 -0.000957411 113.486 0.947561 -0.31933 0.0125738 215.527 -0.0122211 0.00310819 0.99992 -0.503209
-0.0651153 -0.997877 0.00170116 113.336 0.997843 -0.0650984 0.0086149 217.151 -0.00848581 0.00225849 0.999961 -0.526107
0.168635 -0.98562 0.0108678 113.616 0.985596 0.168754 0.0111284 219.048 -0.0128023 0.00883462 0.999879 -0.546207
0.305295 -0.952147 0.0145701 114.062 0.952212 0.305396 0.00526337 220.591 -0.00946111 0.0122669 0.99988 -0.600547
0.398745 -0.916936 0.015249 114.718 0.91698 0.398877 0.00679714 222.225 -0.012315 0.0112727 0.999861 -0.593894
0.446751 -0.894418 0.0207867 115.514 0.894521 0.44697 0.00719869 223.943 -0.0157296 0.0153781 0.999758 -0.607774
0.468912 -0.882983 0.0215486 116.451 0.88314 0.469094 0.00406236 225.766 -0.0136953 0.0171255 0.99976 -0.637903
0.477616 -0.878323 0.0208444 117.459 0.878477 0.477776 0.00318783 227.68 -0.0127589 0.0167888 0.999778 -0.614433
0.479466 -0.877313 0.0208808 118.212 0.87743 0.479671 0.00590807 229.065 -0.0151991 0.0154888 0.999765 -0.576939
0.480081 -0.876843 0.0258915 118.949 0.87704 0.480377 0.00638029 230.395 -0.0180322 0.0196449 0.999644 -0.655753
0.477055 -0.878462 0.0269444 119.748 0.878781 0.477227 -1.88852e-05 231.851 -0.012842 0.0236873 0.999637 -0.685366
0.476776 -0.878428 0.0324291 120.481 0.878971 0.476833 -0.0064289 233.289 -0.00981592 0.0315694 0.999453 -0.770879
0.475216 -0.879663 0.0190916 121.308 0.879744 0.475403 0.00663582 234.842 -0.0149135 0.0136423 0.999796 -0.765274
0.474873 -0.879577 0.0290367 122.184 0.879875 0.475186 0.00460995 236.452 -0.0178526 0.0233595 0.999568 -0.787685
0.47253 -0.880796 0.0302647 123.067 0.881263 0.472599 -0.00527678 238.083 -0.0096553 0.0291646 0.999528 -0.822581
0.470233 -0.882093 0.0282109 123.984 0.882542 0.470062 -0.0128285 239.765 -0.00194489 0.0309296 0.99952 -0.820435
0.467739 -0.883452 0.0271162 124.938 0.883855 0.467675 -0.00905045 241.543 -0.0046859 0.0282 0.999591 -0.821434
0.469314 -0.882588 0.0280092 125.786 0.882878 0.469589 0.00381897 243.243 -0.0165234 0.0229364 0.9996 -0.825977
0.46894 -0.882754 0.0290156 126.732 0.883108 0.46917 0.00127239 245.038 -0.0147364 0.0250272 0.999578 -0.81646
0.469322 -0.882415 0.0329051 127.671 0.882858 0.469637 0.00212456 246.829 -0.0173281 0.0280534 0.999456 -0.895058
0.467138 -0.883604 0.0320598 128.654 0.884012 0.467458 0.00287953 248.693 -0.0175309 0.0269961 0.999482 -0.863667
0.46454 -0.884957 0.0324949 129.625 0.885408 0.464816 0.00107139 250.529 -0.0160522 0.0282735 0.999471 -0.891985
0.462374 -0.885975 0.0354967 130.585 0.886644 0.462372 -0.00877983 252.363 -0.00863394 0.0355325 0.999331 -0.951402
0.459945 -0.887255 0.0350876 131.568 0.887894 0.459994 -0.00715314 254.27 -0.00979338 0.0344441 0.999359 -0.947439
0.456525 -0.88923 0.0292737 132.516 0.889608 0.456727 0.000260255 256.154 -0.0136015 0.0259233 0.999571 -0.933247
0.454142 -0.89049 0.0280236 133.451 0.890765 0.45444 0.00499786 258.047 -0.0171855 0.0226927 0.999595 -0.945772
0.453542 -0.890724 0.0302082 134.41 0.891111 0.453785 0.00134119 259.922 -0.0149026 0.0263106 0.999543 -0.959273
0.453489 -0.890982 0.0224014 135.366 0.891202 0.453609 0.000345074 261.855 -0.0104689 0.0198077 0.999749 -0.97752
0.453921 -0.890804 0.0206603 136.305 0.891006 0.453991 -0.00142442 263.755 -0.0081107 0.0190551 0.999786 -0.986909
0.455839 -0.889558 0.0299861 137.187 0.890036 0.455832 -0.00746703 265.526 -0.00702625 0.0300925 0.999522 -0.946486
0.4561 -0.889549 0.0260087 138.152 0.889888 0.456167 -0.00366433 267.435 -0.00860466 0.0248161 0.999655 -0.926483
0.455584 -0.889986 0.0192617 139.098 0.890061 0.455783 0.00741499 269.226 -0.0153783 0.013766 0.999787 -0.917261
0.457336 -0.889194 0.0134226 139.974 0.889227 0.457436 0.0055183 270.997 -0.0110468 0.00941206 0.999895 -0.919731
0.458277 -0.888807 0.00266773 140.904 0.888795 0.458285 0.00453324 272.89 -0.00525174 0.00029364 0.999986 -0.886885
0.458246 -0.888823 -0.00245993 141.839 0.888823 0.458233 0.00435168 274.789 -0.00274064 -0.00418052 0.999988 -0.89481
0.45769 -0.889108 0.0030192 142.782 0.889098 0.4577 0.0043163 276.578 -0.00521953 0.000708891 0.999986 -0.984344
0.457625 -0.889089 0.010101 143.671 0.889086 0.457696 0.00646871 278.329 -0.0103744 0.00602043 0.999928 -0.958771
0.458315 -0.888738 0.00969567 144.634 0.888743 0.458377 0.00539968 280.26 -0.00924315 0.00614225 0.999938 -0.975686
0.46033 -0.887724 0.00663225 145.571 0.887704 0.460369 0.00663986 282.044 -0.00894762 0.002831 0.999956 -0.954543
0.461674 -0.887027 0.00643502 146.555 0.887029 0.461701 0.00367883 283.969 -0.00623426 0.00400968 0.999973 -0.970838
0.461879 -0.88694 0.00263527 147.543 0.886944 0.46188 -0.000471822 285.892 -0.000798692 0.00255531 0.999996 -0.956589
0.462461 -0.88663 0.00438811 148.504 0.886627 0.462475 0.00322154 287.745 -0.00488569 0.00240083 0.999985 -0.915286
0.462818 -0.88641 0.00890503 149.511 0.886386 0.462884 0.00783225 289.687 -0.0110645 0.00426843 0.99993 -0.929097
0.463487 -0.886013 0.0127809 150.535 0.886021 0.463593 0.00707061 291.655 -0.0121897 0.00804701 0.999893 -0.913397
0.479232 -0.877591 0.0131453 152.734 0.877664 0.479278 0.000344221 293.023 -0.0066023 0.0113722 0.999914 -0.62104
0.478433 -0.877943 0.0178846 153.707 0.878098 0.47848 -0.00182384 294.804 -0.0069562 0.0165771 0.999838 -0.635186
0.477815 -0.878173 0.0224978 154.735 0.878415 0.477897 -0.00192651 296.69 -0.0090598 0.0206829 0.999745 -0.6339
0.477209 -0.878347 0.0279398 155.779 0.878757 0.477228 -0.00643641 298.569 -0.00768023 0.0276238 0.999589 -0.645565
0.477217 -0.878438 0.0247462 156.799 0.878787 0.47702 -0.0137046 300.426 0.000234207 0.0282867 0.9996 -0.647374
0.475213 -0.879467 0.0266918 157.686 0.879866 0.475106 -0.0106279 302.179 -0.00333449 0.0285357 0.999587 -0.620842
0.474191 -0.879914 0.0299375 158.65 0.880404 0.474129 -0.00957703 303.994 -0.00576725 0.0308984 0.999506 -0.600832
0.471566 -0.881324 0.0299218 159.595 0.881797 0.471577 -0.00712009 305.75 -0.00783532 0.0297426 0.999527 -0.524028
0.469652 -0.882281 0.0317637 160.53 0.882819 0.469645 -0.00813889 307.499 -0.00773684 0.031864 0.999462 -0.498386
0.46725 -0.883427 0.0351771 161.402 0.884087 0.467236 -0.00911715 309.181 -0.00838163 0.0353595 0.99934 -0.506682
0.46681 -0.883676 0.0347571 162.252 0.884309 0.466839 -0.00775731 310.821 -0.00937101 0.0343572 0.999366 -0.519115
0.467359 -0.88338 0.0348828 163.103 0.884025 0.467366 -0.00845825 312.461 -0.00883116 0.0347903 0.999356 -0.532111
0.4673 -0.883524 0.0319019 163.899 0.884093 0.467135 -0.0128937 313.988 -0.00351063 0.0342294 0.999408 -0.508678
0.470391 -0.881873 0.0321581 164.692 0.882454 0.470205 -0.0135942 315.497 -0.00313248 0.0347726 0.99939 -0.524899
0.473581 -0.880273 0.0290497 165.434 0.880732 0.473531 -0.00898728 316.86 -0.00584466 0.0298412 0.999538 -0.467966
0.477472 -0.878149 0.0295925 166.154 0.878621 0.477452 -0.00820126 318.213 -0.00692706 0.0299164 0.999528 -0.44856
0.480139 -0.876509 0.0346657 167.167 0.877127 0.480214 -0.00667269 320.07 -0.0107982 0.03361 0.999377 -0.428095
0.484151 -0.874476 0.029862 168.114 0.874979 0.484001 -0.0125335 321.767 -0.00349297 0.0321967 0.999475 -0.419373
0.48298 -0.875002 0.0332184 168.96 0.875593 0.482973 -0.0087456 323.286 -0.00839115 0.0333097 0.99941 -0.411897
0.458918 -0.888066 0.0271121 169.84 0.888472 0.458832 -0.00966967 325.036 -0.00385256 0.0285259 0.999586 -0.39602
0.386738 -0.921914 0.0225701 170.459 0.922188 0.386564 -0.0117981 326.673 0.002152 0.0253767 0.999676 -0.385747
0.24911 -0.968244 0.0211915 170.905 0.968476 0.249024 -0.0066504 328.432 0.00116204 0.0221801 0.999753 -0.35113
0.0619203 -0.997889 0.0196357 170.933 0.998054 0.0620546 0.0063086 330.11 -0.00751373 0.0192069 0.999787 -0.319308
-0.167991 -0.985748 0.00901935 170.632 0.985656 -0.167811 0.0179787 331.897 -0.0162089 0.0119103 0.999798 -0.354742
-0.410671 -0.911555 0.0204739 169.928 0.911508 -0.409889 0.0338557 333.722 -0.0224692 0.0325656 0.999217 -0.380005
-0.588389 -0.808112 0.0274994 169.052 0.808521 -0.587597 0.0320123 334.94 -0.00971093 0.0410694 0.999109 -0.358416
-0.740988 -0.670522 0.0366039 167.919 0.671507 -0.74022 0.0339869 336.027 0.00430605 0.0497636 0.998752 -0.360448
-0.841599 -0.539965 0.0122656 166.514 0.540088 -0.84118 0.0268923 336.871 -0.00420325 0.029257 0.999563 -0.293784
-0.88871 -0.458364 -0.00992579 165.031 0.458083 -0.88864 0.0219286 337.646 -0.0188716 0.0149413 0.99971 -0.349464
-0.903305 -0.428944 -0.00704074 163.432 0.42888 -0.903318 0.00894628 338.274 -0.0101974 0.00506156 0.999935 -0.365447
-0.904931 -0.42552 0.00596947 161.662 0.425518 -0.90495 -0.0016379 339.095 0.00609909 0.00105792 0.999981 -0.408698
-0.902878 -0.429899 0.000773132 159.753 0.429896 -0.902863 0.00535636 339.988 -0.00160461 0.00516849 0.999985 -0.374605
-0.89935 -0.43723 0.0005783 157.774 0.43723 -0.899351 0.000232205 340.904 0.000418616 0.000461674 1 -0.38042
-0.893503 -0.449028 -0.00530824 156.362 0.449059 -0.893466 -0.00818577 341.602 -0.00106703 -0.0096977 0.999952 -0.386228
-0.890324 -0.455255 -0.00829472 154.923 0.455294 -0.890336 -0.00350023 342.314 -0.00579151 -0.00689286 0.999959 -0.376912
-0.88642 -0.462763 -0.0106307 153.411 0.462871 -0.886337 -0.0125997 343.091 -0.00359161 -0.0160892 0.999864 -0.38746
-0.883253 -0.468763 -0.0112651 151.795 0.468858 -0.883237 -0.00810572 343.923 -0.00615002 -0.0124411 0.999904 -0.405378
-0.880498 -0.473797 -0.0155727 150.254 0.473837 -0.880613 0.00127996 344.762 -0.0143198 -0.0062519 0.999878 -0.382811
-0.87821 -0.478001 -0.0162831 148.613 0.47807 -0.878323 -0.000421815 345.634 -0.0141001 -0.00815492 0.999867 -0.413092
-0.876351 -0.481406 -0.0160798 147.019 0.481507 -0.876439 -0.00285982 346.543 -0.0127162 -0.0102487 0.999867 -0.445441
-0.87579 -0.48252 -0.0129812 145.337 0.482631 -0.875795 -0.0072181 347.453 -0.00788591 -0.0125866 0.99989 -0.47997
-0.876967 -0.480267 -0.0165993 143.824 0.480426 -0.877007 -0.00722648 348.284 -0.011087 -0.0143121 0.999836 -0.494773
-0.878216 -0.478001 -0.0159375 142.126 0.478151 -0.878249 -0.00725727 349.169 -0.010528 -0.013994 0.999847 -0.496955
-0.879497 -0.475589 -0.0174134 140.515 0.47572 -0.879589 -0.00407191 350.038 -0.01338 -0.0118651 0.99984 -0.47808
-0.881222 -0.472481 -0.0145993 138.853 0.472602 -0.881256 -0.00622229 350.903 -0.00992566 -0.0123828 0.999874 -0.464312
-0.883389 -0.46846 -0.0130934 137.295 0.468498 -0.883466 0.000184223 351.776 -0.0116537 -0.00597146 0.999914 -0.44869
-0.888014 -0.459577 -0.0149116 135.637 0.459573 -0.888133 0.00391062 352.635 -0.0150406 -0.00338027 0.999881 -0.437846
-0.889604 -0.45626 -0.0207983 134.028 0.456438 -0.889745 -0.00454114 353.428 -0.0164331 -0.0135329 0.999773 -0.459643
-0.891708 -0.452317 -0.0163929 132.368 0.452451 -0.891774 -0.00543285 354.254 -0.0121613 -0.0122615 0.999851 -0.463272
-0.892405 -0.450782 -0.0202644 130.812 0.451021 -0.892468 -0.009119 355.036 -0.0139746 -0.0172775 0.999753 -0.486756
-0.892269 -0.451153 -0.0178365 129.166 0.451363 -0.892284 -0.0101222 355.86 -0.0113485 -0.0170825 0.99979 -0.506598
-0.888742 -0.457888 -0.021897 127.624 0.45825 -0.888682 -0.0159348 356.634 -0.012163 -0.0241961 0.999633 -0.521129
-0.885697 -0.4637 -0.0229481 125.668 0.464123 -0.885573 -0.018823 357.398 -0.0115939 -0.0273222 0.999559 -0.520697
-0.881626 -0.47105 -0.0291616 124.162 0.471654 -0.881582 -0.0189617 358.215 -0.0167763 -0.0304713 0.999395 -0.491966
-0.8772 -0.479314 -0.0279263 122.578 0.479874 -0.877143 -0.0185487 359.096 -0.0156045 -0.029672 0.999438 -0.536811
-0.871265 -0.490182 -0.0249554 121.131 0.490679 -0.871097 -0.0206572 359.883 -0.0116127 -0.030243 0.999475 -0.500717
-0.866459 -0.498653 -0.0244455 119.543 0.499129 -0.866295 -0.0201856 360.793 -0.0111113 -0.0296914 0.999497 -0.530115
-0.861415 -0.507312 -0.0245533 118.07 0.507783 -0.861261 -0.0197249 361.608 -0.01114 -0.029459 0.999504 -0.496349
-0.857194 -0.514361 -0.0255866 116.535 0.51482 -0.857145 -0.0163295 362.518 -0.013532 -0.02717 0.999539 -0.515711
-0.853937 -0.520006 -0.0197073 115.015 0.520287 -0.853885 -0.0135885 363.424 -0.00976154 -0.0218571 0.999713 -0.522409
-0.851696 -0.523765 -0.0169273 113.715 0.523976 -0.85165 -0.0120555 364.214 -0.00810179 -0.019137 0.999784 -0.490204
-0.852422 -0.522702 -0.0127516 111.85 0.522826 -0.852385 -0.00979086 365.344 -0.00575148 -0.0150128 0.999871 -0.479453
-0.857281 -0.514707 -0.0121879 110.112 0.514747 -0.857344 -0.000107565 366.398 -0.0103938 -0.00636591 0.999926 -0.481474
-0.866415 -0.499227 -0.0100755 108.521 0.499206 -0.866473 0.00466938 367.31 -0.0110611 -0.000984162 0.999938 -0.455633
-0.876051 -0.482167 -0.00728503 106.935 0.482152 -0.876081 0.00382567 368.133 -0.00822678 -0.000161041 0.999966 -0.436633
-0.886983 -0.461768 -0.00596867 105.38 0.461775 -0.886999 0.000245616 368.976 -0.00540751 -0.00253835 0.999982 -0.419646
-0.896062 -0.443934 -4.43955e-05 103.817 0.443929 -0.896051 -0.00483806 369.737 0.00210809 -0.00435493 0.999988 -0.4057
-0.902674 -0.430323 0.00237113 102.224 0.430292 -0.902655 -0.00811312 370.502 0.00563165 -0.00630324 0.999964 -0.416458
-0.907308 -0.420456 0.00346493 100.584 0.420377 -0.907249 -0.0136527 371.262 0.00888397 -0.0109306 0.999901 -0.376271
-0.909717 -0.415196 0.00553021 98.8414 0.415058 -0.90964 -0.0169444 372.036 0.0120658 -0.0131192 0.999841 -0.382774
-0.909779 -0.415087 -0.00297851 96.9574 0.415079 -0.909647 -0.0160182 372.853 0.00393965 -0.0158093 0.999867 -0.357752
-0.907057 -0.419807 -0.0318252 95.0077 0.420294 -0.907333 -0.0102266 373.744 -0.0245826 -0.022652 0.999441 -0.336027
-0.902851 -0.429612 -0.0172407 92.9823 0.42992 -0.902578 -0.0228902 374.648 -0.0057271 -0.0280785 0.999589 -0.362815
-0.898548 -0.43792 -0.0290075 91.5198 0.43857 -0.898433 -0.0218549 375.38 -0.0164904 -0.0323593 0.99934 -0.379709
-0.896334 -0.442836 -0.0220326 90.0459 0.44324 -0.896203 -0.0190559 376.104 -0.0113069 -0.0268461 0.999576 -0.396428
-0.892815 -0.45031 -0.0102562 88.575 0.450424 -0.892486 -0.0243145 376.806 0.00179568 -0.0263279 0.999652 -0.378193
-0.888505 -0.458328 -0.0223309 86.9291 0.458838 -0.887978 -0.0310864 377.563 -0.00558146 -0.0378665 0.999267 -0.382408
-0.881523 -0.471661 -0.0213507 85.3796 0.472144 -0.880613 -0.0400571 378.416 9.17845e-05 -0.0453918 0.998969 -0.424786
-0.875085 -0.483966 -0.00241379 83.7332 0.483621 -0.87425 -0.0424373 379.285 0.018428 -0.0383035 0.999096 -0.39352
-0.867766 -0.496838 -0.0117032 82.034 0.496927 -0.867106 -0.034562 380.3 0.00702393 -0.0358073 0.999334 -0.464021
-0.86253 -0.505649 -0.0191028 80.3159 0.506 -0.862131 -0.0264245 381.293 -0.00310745 -0.0324578 0.999468 -0.461093
-0.858788 -0.51216 -0.0133616 78.6643 0.512334 -0.858534 -0.0209276 382.319 -0.000752956 -0.0248179 0.999692 -0.363986
-0.858391 -0.512875 -0.011314 76.9263 0.512999 -0.858219 -0.0171826 383.37 -0.00089721 -0.0205534 0.999788 -0.372229
-0.858549 -0.512509 -0.015205 75.2017 0.512718 -0.858381 -0.0175021 384.334 -0.00408155 -0.0228222 0.999731 -0.374086
-0.860731 -0.508815 -0.0159252 73.4392 0.509031 -0.860609 -0.0155774 385.341 -0.00577924 -0.0215143 0.999752 -0.379527
-0.864871 -0.501981 -0.00432303 71.746 0.50199 -0.864769 -0.0136197 386.33 0.0030985 -0.0139493 0.999898 -0.332434
-0.867728 -0.497016 -0.00519772 70.0115 0.497043 -0.867664 -0.0105989 387.327 0.000758047 -0.0117804 0.99993 -0.307723
-0.870964 -0.491241 -0.010427 68.2826 0.491342 -0.870882 -0.0123004 388.323 -0.00303806 -0.0158364 0.99987 -0.328262
